Elo directories that script will process: ['1600-1700']
Compiling data for:  ./data/bins
Number of files: 102
Test first 5 files from X: ['./data/bins/1600-1700/X_chunk_332108_3.npy', './data/bins/1600-1700/X_chunk_116711_3.npy', './data/bins/1600-1700/X_chunk_868900_24.npy', './data/bins/1600-1700/X_chunk_78413_12.npy', './data/bins/1600-1700/X_chunk_185607_28.npy']
Test first 5 files from Y: ['./data/bins/1600-1700/y_chunk_332108_3.npy', './data/bins/1600-1700/y_chunk_116711_3.npy', './data/bins/1600-1700/y_chunk_868900_24.npy', './data/bins/1600-1700/y_chunk_78413_12.npy', './data/bins/1600-1700/y_chunk_185607_28.npy']
X shape:  (11220, 21)
Y shape:  (11220,)
Shape of X_train:  (8976, 21)
Shape of X_test:  (2244, 21)

Top 10 Most Important Features:
            Feature  Importance
10       Evaluation    0.176465
1        Clock Time    0.088114
8        Move Count    0.085696
0       Legal Moves    0.079115
2   Time Difference    0.077745
3       Current ELO    0.066379
4    ELO Difference    0.065924
20       ECO Number    0.062576
6      Total Pieces    0.057022
7   Queens on Board    0.039428
Training accuracy:  0.8924910873440285
Test accuracy:  0.68048128342246
Train prediction confusion matrix: 
 [[5548    3]
 [ 962 2463]]
Test prediction confusion matrix: 
 [[1211  152]
 [ 565  316]]
ROC AUC curve: 

FPR: [0.0, 0.0, 0.0007336757153338225, 0.0007336757153338225, 0.001467351430667645, 0.001467351430667645, 0.0022010271460014674, 0.0022010271460014674, 0.003668378576669112, 0.003668378576669112, 0.004402054292002935, 0.004402054292002935, 0.005135730007336757, 0.005135730007336757, 0.00586940572267058, 0.00586940572267058, 0.006603081438004402, 0.006603081438004402, 0.007336757153338224, 0.007336757153338224, 0.008070432868672046, 0.008070432868672046, 0.00880410858400587, 0.00880410858400587, 0.009537784299339692, 0.009537784299339692, 0.011005135730007337, 0.011005135730007337, 0.01173881144534116, 0.01173881144534116, 0.013206162876008804, 0.013206162876008804, 0.013939838591342627, 0.013939838591342627, 0.014673514306676448, 0.014673514306676448, 0.015407190022010272, 0.015407190022010272, 0.016140865737344093, 0.016140865737344093, 0.01760821716801174, 0.01760821716801174, 0.018341892883345562, 0.018341892883345562, 0.019075568598679385, 0.019075568598679385, 0.019809244314013204, 0.019809244314013204, 0.02127659574468085, 0.02127659574468085, 0.022743947175348497, 0.022743947175348497, 0.02347762289068232, 0.02347762289068232, 0.02641232575201761, 0.02641232575201761, 0.02714600146735143, 0.02714600146735143, 0.027879677182685254, 0.027879677182685254, 0.028613352898019074, 0.028613352898019074, 0.029347028613352897, 0.029347028613352897, 0.03008070432868672, 0.03008070432868672, 0.032281731474688186, 0.032281731474688186, 0.03301540719002201, 0.03301540719002201, 0.03374908290535583, 0.03374908290535583, 0.03521643433602348, 0.03521643433602348, 0.0359501100513573, 0.0359501100513573, 0.03741746148202495, 0.03741746148202495, 0.03815113719735877, 0.03815113719735877, 0.03961848862802641, 0.03961848862802641, 0.04035216434336023, 0.04035216434336023, 0.041085840058694055, 0.041085840058694055, 0.0425531914893617, 0.0425531914893617, 0.043286867204695524, 0.043286867204695524, 0.04402054292002935, 0.04402054292002935, 0.04548789435069699, 0.04548789435069699, 0.046221570066030816, 0.046221570066030816, 0.04842259721203228, 0.04842259721203228, 0.0491562729273661, 0.0491562729273661, 0.049889948642699924, 0.049889948642699924, 0.052090975788701394, 0.052090975788701394, 0.05282465150403522, 0.05282465150403522, 0.05429200293470286, 0.05429200293470286, 0.055025678650036686, 0.055025678650036686, 0.05575935436537051, 0.05575935436537051, 0.05649303008070433, 0.05649303008070433, 0.05796038151137197, 0.05796038151137197, 0.05942773294203962, 0.05942773294203962, 0.06016140865737344, 0.06016140865737344, 0.06089508437270726, 0.06089508437270726, 0.061628760088041086, 0.061628760088041086, 0.06382978723404255, 0.06382978723404255, 0.06456346294937637, 0.06456346294937637, 0.06676449009537784, 0.06676449009537784, 0.07263389581804842, 0.07263389581804842, 0.07336757153338225, 0.07336757153338225, 0.07410124724871607, 0.07410124724871607, 0.07556859867938372, 0.07556859867938372, 0.07923697725605282, 0.07923697725605282, 0.08070432868672046, 0.08070432868672046, 0.08363903154805576, 0.08363903154805576, 0.08437270726338958, 0.08437270726338958, 0.0851063829787234, 0.0851063829787234, 0.08584005869405723, 0.08584005869405723, 0.08657373440939105, 0.08657373440939105, 0.08730741012472487, 0.08730741012472487, 0.08877476155539252, 0.08877476155539252, 0.08950843727072634, 0.08950843727072634, 0.09097578870139399, 0.09097578870139399, 0.09170946441672781, 0.09170946441672781, 0.09317681584739546, 0.09317681584739546, 0.09391049156272928, 0.09391049156272928, 0.0946441672780631, 0.0946441672780631, 0.09684519442406456, 0.09684519442406456, 0.09757887013939838, 0.09757887013939838, 0.09904622157006603, 0.09904622157006603, 0.10051357300073367, 0.10051357300073367, 0.1012472487160675, 0.1012472487160675, 0.10198092443140132, 0.10198092443140132, 0.10271460014673514, 0.10271460014673514, 0.10418195157740279, 0.10418195157740279, 0.10491562729273661, 0.10491562729273661, 0.10858400586940573, 0.10858400586940573, 0.10931768158473955, 0.10931768158473955, 0.11005135730007337, 0.11005135730007337, 0.1107850330154072, 0.1107850330154072, 0.11151870873074102, 0.11151870873074102, 0.11371973587674249, 0.11371973587674249, 0.11738811445341159, 0.11738811445341159, 0.11885546588407923, 0.11885546588407923, 0.11958914159941306, 0.11958914159941306, 0.12032281731474688, 0.12032281731474688, 0.1210564930300807, 0.1210564930300807, 0.12179016874541453, 0.12179016874541453, 0.123991195891416, 0.123991195891416, 0.1276595744680851, 0.1276595744680851, 0.12912692589875274, 0.12912692589875274, 0.12986060161408658, 0.12986060161408658, 0.13206162876008803, 0.13206162876008803, 0.13279530447542187, 0.13279530447542187, 0.13426265590608952, 0.13426265590608952, 0.13499633162142333, 0.13499633162142333, 0.13646368305209097, 0.13646368305209097, 0.1371973587674248, 0.1371973587674248, 0.13793103448275862, 0.13793103448275862, 0.13866471019809246, 0.13866471019809246, 0.1408657373440939, 0.1408657373440939, 0.14233308877476156, 0.14233308877476156, 0.14306676449009537, 0.14306676449009537, 0.14600146735143066, 0.14600146735143066, 0.1467351430667645, 0.1467351430667645, 0.14820249449743214, 0.14820249449743214, 0.1504035216434336, 0.1504035216434336, 0.15113719735876743, 0.15113719735876743, 0.15187087307410124, 0.15187087307410124, 0.1533382245047689, 0.1533382245047689, 0.15407190022010273, 0.15407190022010273, 0.15480557593543653, 0.15480557593543653, 0.15553925165077037, 0.15553925165077037, 0.15627292736610418, 0.15627292736610418, 0.15774027879677183, 0.15774027879677183, 0.15994130594277328, 0.15994130594277328, 0.16067498165810712, 0.16067498165810712, 0.16140865737344093, 0.16140865737344093, 0.16214233308877476, 0.16214233308877476, 0.16287600880410857, 0.16287600880410857, 0.17094644167278064, 0.17094644167278064, 0.17168011738811445, 0.17168011738811445, 0.1731474688187821, 0.1731474688187821, 0.17388114453411593, 0.17388114453411593, 0.17534849596478358, 0.17534849596478358, 0.1760821716801174, 0.1760821716801174, 0.1768158473954512, 0.1768158473954512, 0.17754952311078503, 0.17754952311078503, 0.17828319882611884, 0.17828319882611884, 0.18048422597212033, 0.18048422597212033, 0.18268525311812178, 0.18268525311812178, 0.18341892883345562, 0.18341892883345562, 0.18561995597945707, 0.18561995597945707, 0.1863536316947909, 0.1863536316947909, 0.18708730741012472, 0.18708730741012472, 0.18782098312545856, 0.18782098312545856, 0.18855465884079237, 0.18855465884079237, 0.19002201027146, 0.19002201027146, 0.19735876742479824, 0.19735876742479824, 0.19809244314013205, 0.19809244314013205, 0.20102714600146734, 0.20102714600146734, 0.20396184886280264, 0.20396184886280264, 0.20469552457813647, 0.20469552457813647, 0.20542920029347028, 0.20542920029347028, 0.20616287600880412, 0.20616287600880412, 0.20689655172413793, 0.20689655172413793, 0.20763022743947177, 0.20763022743947177, 0.20836390315480557, 0.20836390315480557, 0.21056493030080703, 0.21056493030080703, 0.21496698459280997, 0.21496698459280997, 0.2157006603081438, 0.2157006603081438, 0.2164343360234776, 0.2164343360234776, 0.2186353631694791, 0.2186353631694791, 0.22010271460014674, 0.22010271460014674, 0.2223037417461482, 0.2223037417461482, 0.22670579603815114, 0.22670579603815114, 0.22743947175348497, 0.22743947175348497, 0.22964049889948643, 0.22964049889948643, 0.235509904622157, 0.235509904622157, 0.23624358033749082, 0.23624358033749082, 0.2384446074834923, 0.2384446074834923, 0.2391782831988261, 0.2391782831988261, 0.23991195891415995, 0.23991195891415995, 0.24064563462949376, 0.24064563462949376, 0.24284666177549524, 0.24284666177549524, 0.24651504035216434, 0.24651504035216434, 0.25018341892883345, 0.25018341892883345, 0.2523844460748349, 0.2523844460748349, 0.25311812179016874, 0.25311812179016874, 0.2553191489361702, 0.2553191489361702, 0.25678650036683787, 0.25678650036683787, 0.2582538517975055, 0.2582538517975055, 0.260454878943507, 0.260454878943507, 0.2648569332355099, 0.2648569332355099, 0.2663242846661775, 0.2663242846661775, 0.2692589875275128, 0.2692589875275128, 0.26999266324284665, 0.26999266324284665, 0.2707263389581805, 0.2707263389581805, 0.27292736610418195, 0.27292736610418195, 0.2736610418195158, 0.2736610418195158, 0.2751283932501834, 0.2751283932501834, 0.27586206896551724, 0.27586206896551724, 0.2765957446808511, 0.2765957446808511, 0.2780630961115187, 0.2780630961115187, 0.2817314746881878, 0.2817314746881878, 0.2839325018341893, 0.2839325018341893, 0.2846661775495231, 0.2846661775495231, 0.28613352898019073, 0.28613352898019073, 0.28833455612619224, 0.28833455612619224, 0.289068231841526, 0.289068231841526, 0.2905355832721937, 0.2905355832721937, 0.2920029347028613, 0.2920029347028613, 0.293470286133529, 0.293470286133529, 0.2949376375641966, 0.2949376375641966, 0.2964049889948643, 0.2964049889948643, 0.2993396918561996, 0.2993396918561996, 0.30007336757153336, 0.30007336757153336, 0.30300807043286865, 0.30300807043286865, 0.3044754218635363, 0.3044754218635363, 0.30594277329420394, 0.30594277329420394, 0.3074101247248716, 0.3074101247248716, 0.30814380044020545, 0.30814380044020545, 0.3103448275862069, 0.3103448275862069, 0.31401320616287604, 0.31401320616287604, 0.3162142333088775, 0.3162142333088775, 0.3176815847395451, 0.3176815847395451, 0.31841526045487895, 0.31841526045487895, 0.3191489361702128, 0.3191489361702128, 0.32134996331621424, 0.32134996331621424, 0.3220836390315481, 0.3220836390315481, 0.3235509904622157, 0.3235509904622157, 0.32428466617754953, 0.32428466617754953, 0.326485693323551, 0.326485693323551, 0.3294203961848863, 0.3294203961848863, 0.3330887747615554, 0.3330887747615554, 0.3338224504768892, 0.3338224504768892, 0.3374908290535583, 0.3374908290535583, 0.33822450476889215, 0.33822450476889215, 0.338958180484226, 0.338958180484226, 0.3418928833455613, 0.3418928833455613, 0.34262655906089506, 0.34262655906089506, 0.34409391049156274, 0.34409391049156274, 0.3448275862068966, 0.3448275862068966, 0.3462949376375642, 0.3462949376375642, 0.34702861335289803, 0.34702861335289803, 0.34849596478356565, 0.34849596478356565, 0.35436537050623623, 0.35436537050623623, 0.35509904622157007, 0.35509904622157007, 0.35803374908290536, 0.35803374908290536, 0.3587674247982392, 0.3587674247982392, 0.359501100513573, 0.359501100513573, 0.3602347762289068, 0.3602347762289068, 0.36243580337490827, 0.36243580337490827, 0.36683785766691124, 0.36683785766691124, 0.3675715333822451, 0.3675715333822451, 0.3727072633895818, 0.3727072633895818, 0.3734409391049156, 0.3734409391049156, 0.3749082905355833, 0.3749082905355833, 0.3756419662509171, 0.3756419662509171, 0.3785766691122524, 0.3785766691122524, 0.3829787234042553, 0.3829787234042553, 0.384446074834923, 0.384446074834923, 0.3888481291269259, 0.3888481291269259, 0.39104915627292736, 0.39104915627292736, 0.3932501834189288, 0.3932501834189288, 0.39398385913426265, 0.39398385913426265, 0.3954512105649303, 0.3954512105649303, 0.40498899486427, 0.40498899486427, 0.4057226705796038, 0.4057226705796038, 0.4086573734409391, 0.4086573734409391, 0.4101247248716067, 0.4101247248716067, 0.4115920763022744, 0.4115920763022744, 0.41526045487894353, 0.41526045487894353, 0.417461482024945, 0.417461482024945, 0.4189288334556126, 0.4189288334556126, 0.41966250917094644, 0.41966250917094644, 0.4203961848862803, 0.4203961848862803, 0.4218635363169479, 0.4218635363169479, 0.425531914893617, 0.425531914893617, 0.42626559060895086, 0.42626559060895086, 0.4277329420396185, 0.4277329420396185, 0.42920029347028615, 0.42920029347028615, 0.42993396918561994, 0.42993396918561994, 0.43066764490095377, 0.43066764490095377, 0.43213499633162145, 0.43213499633162145, 0.4343360234776229, 0.4343360234776229, 0.43653705062362436, 0.43653705062362436, 0.4372707263389582, 0.4372707263389582, 0.43947175348495965, 0.43947175348495965, 0.4446074834922964, 0.4446074834922964, 0.4482758620689655, 0.4482758620689655, 0.450476889214967, 0.450476889214967, 0.45194424064563465, 0.45194424064563465, 0.45341159207630227, 0.45341159207630227, 0.4541452677916361, 0.4541452677916361, 0.45634629493763756, 0.45634629493763756, 0.4578136463683052, 0.4578136463683052, 0.45928099779897286, 0.45928099779897286, 0.4600146735143067, 0.4600146735143067, 0.4607483492296405, 0.4607483492296405, 0.462949376375642, 0.462949376375642, 0.46661775495231106, 0.46661775495231106, 0.46881878209831257, 0.46881878209831257, 0.46955245781364635, 0.46955245781364635, 0.47175348495964786, 0.47175348495964786, 0.47248716067498164, 0.47248716067498164, 0.47909024211298606, 0.47909024211298606, 0.4842259721203228, 0.4842259721203228, 0.48642699926632427, 0.48642699926632427, 0.48789435069699194, 0.48789435069699194, 0.4900953778429934, 0.4900953778429934, 0.4930300807043287, 0.4930300807043287, 0.4937637564196625, 0.4937637564196625, 0.49816581071166544, 0.49816581071166544, 0.4996331621423331, 0.4996331621423331, 0.5018341892883346, 0.5018341892883346, 0.5055025678650037, 0.5055025678650037, 0.5128393250183418, 0.5128393250183418, 0.516507703595011, 0.516507703595011, 0.5172413793103449, 0.5172413793103449, 0.5179750550256786, 0.5179750550256786, 0.5194424064563463, 0.5194424064563463, 0.5201760821716801, 0.5201760821716801, 0.5267791636096845, 0.5267791636096845, 0.5297138664710198, 0.5297138664710198, 0.5341159207630227, 0.5341159207630227, 0.5355832721936904, 0.5355832721936904, 0.5377842993396919, 0.5377842993396919, 0.5399853264856933, 0.5399853264856933, 0.541452677916361, 0.541452677916361, 0.5421863536316948, 0.5421863536316948, 0.5436537050623624, 0.5436537050623624, 0.5465884079236977, 0.5465884079236977, 0.5473220836390316, 0.5473220836390316, 0.5487894350696992, 0.5487894350696992, 0.549523110785033, 0.549523110785033, 0.5502567865003668, 0.5502567865003668, 0.5509904622157007, 0.5509904622157007, 0.5531914893617021, 0.5531914893617021, 0.5546588407923698, 0.5546588407923698, 0.5553925165077036, 0.5553925165077036, 0.5561261922230374, 0.5561261922230374, 0.5568598679383713, 0.5568598679383713, 0.5583272193690388, 0.5583272193690388, 0.5641966250917094, 0.5641966250917094, 0.5649303008070433, 0.5649303008070433, 0.5671313279530448, 0.5671313279530448, 0.5678650036683786, 0.5678650036683786, 0.5693323550990462, 0.5693323550990462, 0.57006603081438, 0.57006603081438, 0.5707997065297139, 0.5707997065297139, 0.5766691122523845, 0.5766691122523845, 0.5818048422597212, 0.5818048422597212, 0.5825385179750551, 0.5825385179750551, 0.5862068965517241, 0.5862068965517241, 0.5906089508437271, 0.5906089508437271, 0.5913426265590609, 0.5913426265590609, 0.5979457079970653, 0.5979457079970653, 0.5994130594277329, 0.5994130594277329, 0.6023477622890683, 0.6023477622890683, 0.6045487894350697, 0.6045487894350697, 0.6082171680117389, 0.6082171680117389, 0.6089508437270726, 0.6089508437270726, 0.6104181951577403, 0.6104181951577403, 0.6126192223037418, 0.6126192223037418, 0.6140865737344093, 0.6140865737344093, 0.6162876008804109, 0.6162876008804109, 0.6170212765957447, 0.6170212765957447, 0.6177549523110785, 0.6177549523110785, 0.6184886280264124, 0.6184886280264124, 0.6199559794570799, 0.6199559794570799, 0.6206896551724138, 0.6206896551724138, 0.6214233308877476, 0.6214233308877476, 0.6243580337490829, 0.6243580337490829, 0.6265590608950844, 0.6265590608950844, 0.6272927366104182, 0.6272927366104182, 0.6287600880410859, 0.6287600880410859, 0.6500366837857667, 0.6500366837857667, 0.6507703595011005, 0.6507703595011005, 0.6522377109317682, 0.6522377109317682, 0.6603081438004402, 0.6603081438004402, 0.669112252384446, 0.669112252384446, 0.6727806309611152, 0.6727806309611152, 0.6742479823917829, 0.6742479823917829, 0.6837857666911226, 0.6837857666911226, 0.6889214966984593, 0.6889214966984593, 0.6925898752751284, 0.6925898752751284, 0.6940572267057961, 0.6940572267057961, 0.6955245781364637, 0.6955245781364637, 0.698459280997799, 0.698459280997799, 0.7050623624358033, 0.7050623624358033, 0.7101980924431401, 0.7101980924431401, 0.7116654438738078, 0.7116654438738078, 0.7131327953044754, 0.7131327953044754, 0.7138664710198093, 0.7138664710198093, 0.7226705796038151, 0.7226705796038151, 0.7285399853264857, 0.7285399853264857, 0.7358767424798239, 0.7358767424798239, 0.7366104181951577, 0.7366104181951577, 0.7373440939104916, 0.7373440939104916, 0.7432134996331622, 0.7432134996331622, 0.7534849596478357, 0.7534849596478357, 0.7542186353631695, 0.7542186353631695, 0.7549523110785032, 0.7549523110785032, 0.7696258253851798, 0.7696258253851798, 0.772560528246515, 0.772560528246515, 0.7747615553925165, 0.7747615553925165, 0.7762289068231841, 0.7762289068231841, 0.776962582538518, 0.776962582538518, 0.7820983125458547, 0.7820983125458547, 0.7865003668378576, 0.7865003668378576, 0.7872340425531915, 0.7872340425531915, 0.7967718268525312, 0.7967718268525312, 0.8011738811445341, 0.8011738811445341, 0.8033749082905356, 0.8033749082905356, 0.8114453411592076, 0.8114453411592076, 0.8121790168745414, 0.8121790168745414, 0.8136463683052091, 0.8136463683052091, 0.8143800440205429, 0.8143800440205429, 0.8173147468818782, 0.8173147468818782, 0.826118855465884, 0.826118855465884, 0.8451944240645635, 0.8451944240645635, 0.8459280997798972, 0.8459280997798972, 0.8481291269258987, 0.8481291269258987, 0.851063829787234, 0.851063829787234, 0.8642699926632429, 0.8642699926632429, 0.8760088041085841, 0.8760088041085841, 0.8914159941305942, 0.8914159941305942, 0.900953778429934, 0.900953778429934, 0.9024211298606016, 0.9024211298606016, 0.9046221570066031, 0.9046221570066031, 0.9075568598679383, 0.9075568598679383, 0.9082905355832722, 0.9082905355832722, 0.9097578870139399, 0.9097578870139399, 0.9104915627292737, 0.9104915627292737, 0.9163609684519443, 0.9163609684519443, 0.9185619955979457, 0.9185619955979457, 0.9229640498899486, 0.9229640498899486, 0.9288334556126192, 0.9288334556126192, 0.9347028613352898, 0.9347028613352898, 0.9369038884812912, 0.9369038884812912, 0.9493763756419662, 0.9493763756419662, 0.9537784299339692, 0.9537784299339692, 0.9596478356566398, 0.9596478356566398, 0.9618488628026413, 0.9618488628026413, 0.9706529713866471, 0.9706529713866471, 0.971386647101981, 0.971386647101981, 0.9721203228173148, 0.9721203228173148, 0.9728539985326485, 0.9728539985326485, 0.987527512839325, 0.987527512839325, 0.9897285399853265, 0.9897285399853265, 0.9926632428466617, 0.9926632428466617, 0.9963316214233309, 0.9963316214233309, 1.0]
TPR: [0.0, 0.0011350737797956867, 0.0011350737797956867, 0.01362088535754824, 0.01362088535754824, 0.02383654937570942, 0.02383654937570942, 0.03178206583427923, 0.03178206583427923, 0.03745743473325766, 0.03745743473325766, 0.0510783200908059, 0.0510783200908059, 0.06129398410896708, 0.06129398410896708, 0.06469920544835414, 0.06469920544835414, 0.06696935300794551, 0.06696935300794551, 0.07264472190692395, 0.07264472190692395, 0.07491486946651532, 0.07491486946651532, 0.07604994324631101, 0.07604994324631101, 0.08172531214528944, 0.08172531214528944, 0.08286038592508513, 0.08286038592508513, 0.0851305334846765, 0.0851305334846765, 0.08853575482406356, 0.08853575482406356, 0.09875141884222474, 0.09875141884222474, 0.10442678774120318, 0.10442678774120318, 0.10783200908059024, 0.10783200908059024, 0.11577752553916004, 0.11577752553916004, 0.12485811577752554, 0.12485811577752554, 0.12939841089670828, 0.12939841089670828, 0.13847900113507378, 0.13847900113507378, 0.14755959137343927, 0.14755959137343927, 0.15209988649262202, 0.15209988649262202, 0.1532349602724177, 0.1532349602724177, 0.15664018161180476, 0.15664018161180476, 0.1611804767309875, 0.1611804767309875, 0.16685584562996594, 0.16685584562996594, 0.170261066969353, 0.170261066969353, 0.17593643586833144, 0.17593643586833144, 0.1782065834279228, 0.1782065834279228, 0.1793416572077185, 0.1793416572077185, 0.18501702610669693, 0.18501702610669693, 0.18955732122587968, 0.18955732122587968, 0.19296254256526674, 0.19296254256526674, 0.20317820658342792, 0.20317820658342792, 0.2054483541430193, 0.2054483541430193, 0.2122587968217934, 0.2122587968217934, 0.2133938706015891, 0.2133938706015891, 0.21452894438138478, 0.21452894438138478, 0.21906923950056753, 0.21906923950056753, 0.22701475595913734, 0.22701475595913734, 0.22814982973893302, 0.22814982973893302, 0.2292849035187287, 0.2292849035187287, 0.23723041997729852, 0.23723041997729852, 0.2395005675368899, 0.2395005675368899, 0.24063564131668558, 0.24063564131668558, 0.24404086265607264, 0.24404086265607264, 0.24517593643586832, 0.24517593643586832, 0.246311010215664, 0.246311010215664, 0.2474460839954597, 0.2474460839954597, 0.24971623155505107, 0.24971623155505107, 0.2542565266742338, 0.2542565266742338, 0.25539160045402953, 0.25539160045402953, 0.25879682179341656, 0.25879682179341656, 0.26220204313280365, 0.26220204313280365, 0.2633371169125993, 0.2633371169125993, 0.2656072644721907, 0.2656072644721907, 0.2667423382519864, 0.2667423382519864, 0.26787741203178206, 0.26787741203178206, 0.2690124858115778, 0.2690124858115778, 0.27128263337116915, 0.27128263337116915, 0.27695800227014755, 0.27695800227014755, 0.27809307604994327, 0.27809307604994327, 0.2792281498297389, 0.2792281498297389, 0.2814982973893303, 0.2814982973893303, 0.28376844494892167, 0.28376844494892167, 0.28603859250851305, 0.28603859250851305, 0.28717366628830876, 0.28717366628830876, 0.2917139614074915, 0.2917139614074915, 0.29511918274687854, 0.29511918274687854, 0.300794551645857, 0.300794551645857, 0.30192962542565266, 0.30192962542565266, 0.30533484676503975, 0.30533484676503975, 0.31101021566401815, 0.31101021566401815, 0.31441543700340524, 0.31441543700340524, 0.3155505107832009, 0.3155505107832009, 0.3166855845629966, 0.3166855845629966, 0.3178206583427923, 0.3178206583427923, 0.322360953461975, 0.322360953461975, 0.3246311010215664, 0.3246311010215664, 0.3257661748013621, 0.3257661748013621, 0.3314415437003405, 0.3314415437003405, 0.3325766174801362, 0.3325766174801362, 0.337116912599319, 0.337116912599319, 0.33938706015891035, 0.33938706015891035, 0.340522133938706, 0.340522133938706, 0.3427922814982974, 0.3427922814982974, 0.3439273552780931, 0.3439273552780931, 0.34506242905788875, 0.34506242905788875, 0.34619750283768447, 0.34619750283768447, 0.3473325766174801, 0.3473325766174801, 0.3507377979568672, 0.3507377979568672, 0.3518728717366629, 0.3518728717366629, 0.3530079455164586, 0.3530079455164586, 0.3564131668558456, 0.3564131668558456, 0.358683314415437, 0.358683314415437, 0.3598183881952327, 0.3598183881952327, 0.36095346197502837, 0.36095346197502837, 0.36435868331441545, 0.36435868331441545, 0.36662883087400683, 0.36662883087400683, 0.37230419977298523, 0.37230419977298523, 0.3757094211123723, 0.3757094211123723, 0.376844494892168, 0.376844494892168, 0.3779795686719637, 0.3779795686719637, 0.38024971623155507, 0.38024971623155507, 0.3813847900113507, 0.3813847900113507, 0.38251986379114644, 0.38251986379114644, 0.38819523269012485, 0.38819523269012485, 0.3904653802497162, 0.3904653802497162, 0.39160045402951194, 0.39160045402951194, 0.3938706015891033, 0.3938706015891033, 0.39500567536889897, 0.39500567536889897, 0.3995459704880817, 0.3995459704880817, 0.40068104426787743, 0.40068104426787743, 0.4097616345062429, 0.4097616345062429, 0.4108967082860386, 0.4108967082860386, 0.4120317820658343, 0.4120317820658343, 0.41316685584562995, 0.41316685584562995, 0.41543700340522133, 0.41543700340522133, 0.4177071509648127, 0.4177071509648127, 0.4199772985244041, 0.4199772985244041, 0.4211123723041998, 0.4211123723041998, 0.42224744608399545, 0.42224744608399545, 0.42338251986379116, 0.42338251986379116, 0.4245175936435868, 0.4245175936435868, 0.42565266742338254, 0.42565266742338254, 0.43132803632236094, 0.43132803632236094, 0.43246311010215666, 0.43246311010215666, 0.4335981838819523, 0.4335981838819523, 0.43473325766174803, 0.43473325766174803, 0.43813847900113506, 0.43813847900113506, 0.4392735527809308, 0.4392735527809308, 0.44040862656072643, 0.44040862656072643, 0.44154370034052215, 0.44154370034052215, 0.4438138479001135, 0.4438138479001135, 0.4460839954597049, 0.4460839954597049, 0.44721906923950056, 0.44721906923950056, 0.44835414301929627, 0.44835414301929627, 0.44948921679909193, 0.44948921679909193, 0.4517593643586833, 0.4517593643586833, 0.452894438138479, 0.452894438138479, 0.4540295119182747, 0.4540295119182747, 0.4551645856980704, 0.4551645856980704, 0.45629965947786605, 0.45629965947786605, 0.45743473325766176, 0.45743473325766176, 0.4585698070374574, 0.4585698070374574, 0.45970488081725314, 0.45970488081725314, 0.4619750283768445, 0.4619750283768445, 0.4642451759364359, 0.4642451759364359, 0.46538024971623154, 0.46538024971623154, 0.46651532349602726, 0.46651532349602726, 0.4676503972758229, 0.4676503972758229, 0.47219069239500566, 0.47219069239500566, 0.4767309875141884, 0.4767309875141884, 0.4778660612939841, 0.4778660612939841, 0.4790011350737798, 0.4790011350737798, 0.48127128263337116, 0.48127128263337116, 0.48240635641316687, 0.48240635641316687, 0.4869466515323496, 0.4869466515323496, 0.489216799091941, 0.489216799091941, 0.49148694665153236, 0.49148694665153236, 0.49375709421112374, 0.49375709421112374, 0.4948921679909194, 0.4948921679909194, 0.49716231555051077, 0.49716231555051077, 0.4982973893303065, 0.4982973893303065, 0.5017026106696936, 0.5017026106696936, 0.5039727582292849, 0.5039727582292849, 0.5062429057888763, 0.5062429057888763, 0.5073779795686719, 0.5073779795686719, 0.5085130533484676, 0.5085130533484676, 0.5096481271282634, 0.5096481271282634, 0.5130533484676504, 0.5130533484676504, 0.5141884222474461, 0.5141884222474461, 0.5153234960272418, 0.5153234960272418, 0.5175936435868331, 0.5175936435868331, 0.5187287173666288, 0.5187287173666288, 0.5198637911464246, 0.5198637911464246, 0.5209988649262202, 0.5209988649262202, 0.5221339387060159, 0.5221339387060159, 0.5232690124858116, 0.5232690124858116, 0.5300794551645857, 0.5300794551645857, 0.5312145289443814, 0.5312145289443814, 0.5346197502837684, 0.5346197502837684, 0.5357548240635641, 0.5357548240635641, 0.5368898978433598, 0.5368898978433598, 0.5391600454029511, 0.5391600454029511, 0.5448354143019296, 0.5448354143019296, 0.5459704880817253, 0.5459704880817253, 0.5482406356413166, 0.5482406356413166, 0.5493757094211124, 0.5493757094211124, 0.5516458569807038, 0.5516458569807038, 0.5539160045402951, 0.5539160045402951, 0.5550510783200908, 0.5550510783200908, 0.5573212258796821, 0.5573212258796821, 0.5584562996594779, 0.5584562996594779, 0.5595913734392736, 0.5595913734392736, 0.5618615209988649, 0.5618615209988649, 0.5664018161180476, 0.5664018161180476, 0.5675368898978433, 0.5675368898978433, 0.5686719636776391, 0.5686719636776391, 0.5698070374574348, 0.5698070374574348, 0.5720771850170261, 0.5720771850170261, 0.5754824063564131, 0.5754824063564131, 0.5766174801362088, 0.5766174801362088, 0.5777525539160046, 0.5777525539160046, 0.5788876276958003, 0.5788876276958003, 0.5800227014755959, 0.5800227014755959, 0.5811577752553916, 0.5811577752553916, 0.583427922814983, 0.583427922814983, 0.5913734392735528, 0.5913734392735528, 0.5925085130533485, 0.5925085130533485, 0.5936435868331441, 0.5936435868331441, 0.5947786606129398, 0.5947786606129398, 0.5970488081725313, 0.5970488081725313, 0.5981838819523269, 0.5981838819523269, 0.6004540295119183, 0.6004540295119183, 0.601589103291714, 0.601589103291714, 0.6061293984108967, 0.6061293984108967, 0.6072644721906924, 0.6072644721906924, 0.6083995459704881, 0.6083995459704881, 0.6106696935300795, 0.6106696935300795, 0.6152099886492622, 0.6152099886492622, 0.6186152099886493, 0.6186152099886493, 0.6254256526674233, 0.6254256526674233, 0.626560726447219, 0.626560726447219, 0.6288308740068105, 0.6288308740068105, 0.6311010215664018, 0.6311010215664018, 0.6345062429057888, 0.6345062429057888, 0.6367763904653803, 0.6367763904653803, 0.637911464245176, 0.637911464245176, 0.6390465380249716, 0.6390465380249716, 0.6424517593643587, 0.6424517593643587, 0.64472190692395, 0.64472190692395, 0.6458569807037458, 0.6458569807037458, 0.6481271282633371, 0.6481271282633371, 0.6503972758229285, 0.6503972758229285, 0.6515323496027242, 0.6515323496027242, 0.6526674233825198, 0.6526674233825198, 0.6549375709421112, 0.6549375709421112, 0.656072644721907, 0.656072644721907, 0.6606129398410897, 0.6606129398410897, 0.6617480136208853, 0.6617480136208853, 0.662883087400681, 0.662883087400681, 0.6651532349602725, 0.6651532349602725, 0.6685584562996595, 0.6685584562996595, 0.6696935300794552, 0.6696935300794552, 0.6708286038592508, 0.6708286038592508, 0.6719636776390465, 0.6719636776390465, 0.6753688989784336, 0.6753688989784336, 0.677639046538025, 0.677639046538025, 0.6799091940976163, 0.6799091940976163, 0.6821793416572077, 0.6821793416572077, 0.6833144154370034, 0.6833144154370034, 0.684449489216799, 0.684449489216799, 0.6867196367763905, 0.6867196367763905, 0.6878547105561862, 0.6878547105561862, 0.6901248581157775, 0.6901248581157775, 0.6912599318955732, 0.6912599318955732, 0.6935300794551645, 0.6935300794551645, 0.6980703745743473, 0.6980703745743473, 0.7003405221339387, 0.7003405221339387, 0.7014755959137344, 0.7014755959137344, 0.70261066969353, 0.70261066969353, 0.7037457434733257, 0.7037457434733257, 0.7048808172531215, 0.7048808172531215, 0.7082860385925085, 0.7082860385925085, 0.7094211123723042, 0.7094211123723042, 0.7105561861520999, 0.7105561861520999, 0.7128263337116912, 0.7128263337116912, 0.713961407491487, 0.713961407491487, 0.7150964812712827, 0.7150964812712827, 0.717366628830874, 0.717366628830874, 0.7185017026106697, 0.7185017026106697, 0.7196367763904654, 0.7196367763904654, 0.720771850170261, 0.720771850170261, 0.7219069239500567, 0.7219069239500567, 0.7241770715096482, 0.7241770715096482, 0.7253121452894438, 0.7253121452894438, 0.7287173666288309, 0.7287173666288309, 0.7309875141884222, 0.7309875141884222, 0.7343927355278093, 0.7343927355278093, 0.735527809307605, 0.735527809307605, 0.7377979568671964, 0.7377979568671964, 0.738933030646992, 0.738933030646992, 0.7400681044267877, 0.7400681044267877, 0.7412031782065834, 0.7412031782065834, 0.7423382519863791, 0.7423382519863791, 0.7434733257661748, 0.7434733257661748, 0.7446083995459705, 0.7446083995459705, 0.7480136208853575, 0.7480136208853575, 0.7502837684449489, 0.7502837684449489, 0.7525539160045402, 0.7525539160045402, 0.753688989784336, 0.753688989784336, 0.7548240635641317, 0.7548240635641317, 0.7559591373439274, 0.7559591373439274, 0.7582292849035187, 0.7582292849035187, 0.7604994324631101, 0.7604994324631101, 0.7627695800227015, 0.7627695800227015, 0.7650397275822929, 0.7650397275822929, 0.7661748013620885, 0.7661748013620885, 0.7673098751418842, 0.7673098751418842, 0.7684449489216799, 0.7684449489216799, 0.771850170261067, 0.771850170261067, 0.7729852440408627, 0.7729852440408627, 0.7741203178206584, 0.7741203178206584, 0.775255391600454, 0.775255391600454, 0.7763904653802497, 0.7763904653802497, 0.7775255391600454, 0.7775255391600454, 0.7797956867196367, 0.7797956867196367, 0.7809307604994324, 0.7809307604994324, 0.7820658342792282, 0.7820658342792282, 0.7832009080590239, 0.7832009080590239, 0.7843359818388195, 0.7843359818388195, 0.7854710556186152, 0.7854710556186152, 0.7866061293984109, 0.7866061293984109, 0.7888762769580022, 0.7888762769580022, 0.7922814982973894, 0.7922814982973894, 0.7945516458569807, 0.7945516458569807, 0.7956867196367764, 0.7956867196367764, 0.7968217934165721, 0.7968217934165721, 0.8024971623155505, 0.8024971623155505, 0.8036322360953462, 0.8036322360953462, 0.8047673098751419, 0.8047673098751419, 0.8059023836549376, 0.8059023836549376, 0.8093076049943246, 0.8093076049943246, 0.8104426787741204, 0.8104426787741204, 0.811577752553916, 0.811577752553916, 0.8127128263337117, 0.8127128263337117, 0.8138479001135074, 0.8138479001135074, 0.8149829738933031, 0.8149829738933031, 0.8161180476730987, 0.8161180476730987, 0.8172531214528944, 0.8172531214528944, 0.8183881952326901, 0.8183881952326901, 0.8195232690124858, 0.8195232690124858, 0.8206583427922814, 0.8206583427922814, 0.8240635641316686, 0.8240635641316686, 0.8251986379114642, 0.8251986379114642, 0.8286038592508513, 0.8286038592508513, 0.8308740068104427, 0.8308740068104427, 0.8331441543700341, 0.8331441543700341, 0.8354143019296254, 0.8354143019296254, 0.8365493757094211, 0.8365493757094211, 0.8376844494892168, 0.8376844494892168, 0.8388195232690124, 0.8388195232690124, 0.8422247446083996, 0.8422247446083996, 0.8433598183881952, 0.8433598183881952, 0.8456299659477866, 0.8456299659477866, 0.8479001135073779, 0.8479001135073779, 0.8490351872871736, 0.8490351872871736, 0.8501702610669694, 0.8501702610669694, 0.8513053348467651, 0.8513053348467651, 0.8535754824063564, 0.8535754824063564, 0.8547105561861521, 0.8547105561861521, 0.8558456299659478, 0.8558456299659478, 0.8569807037457434, 0.8569807037457434, 0.8581157775255391, 0.8581157775255391, 0.8603859250851306, 0.8603859250851306, 0.8615209988649262, 0.8615209988649262, 0.8626560726447219, 0.8626560726447219, 0.8649262202043133, 0.8649262202043133, 0.8671963677639046, 0.8671963677639046, 0.8683314415437003, 0.8683314415437003, 0.8694665153234961, 0.8694665153234961, 0.8706015891032917, 0.8706015891032917, 0.8740068104426788, 0.8740068104426788, 0.8751418842224744, 0.8751418842224744, 0.8774120317820658, 0.8774120317820658, 0.8785471055618616, 0.8785471055618616, 0.8830874006810443, 0.8830874006810443, 0.8853575482406356, 0.8853575482406356, 0.8864926220204313, 0.8864926220204313, 0.8898978433598184, 0.8898978433598184, 0.8910329171396141, 0.8910329171396141, 0.8921679909194098, 0.8921679909194098, 0.8933030646992054, 0.8933030646992054, 0.8944381384790011, 0.8944381384790011, 0.8955732122587968, 0.8955732122587968, 0.8967082860385925, 0.8967082860385925, 0.8978433598183881, 0.8978433598183881, 0.8989784335981839, 0.8989784335981839, 0.9001135073779796, 0.9001135073779796, 0.9012485811577753, 0.9012485811577753, 0.9023836549375709, 0.9023836549375709, 0.9035187287173666, 0.9035187287173666, 0.905788876276958, 0.905788876276958, 0.9069239500567536, 0.9069239500567536, 0.9091940976163451, 0.9091940976163451, 0.9103291713961408, 0.9103291713961408, 0.9125993189557321, 0.9125993189557321, 0.9137343927355278, 0.9137343927355278, 0.9148694665153235, 0.9148694665153235, 0.9160045402951191, 0.9160045402951191, 0.9171396140749148, 0.9171396140749148, 0.9182746878547106, 0.9182746878547106, 0.9194097616345063, 0.9194097616345063, 0.9205448354143019, 0.9205448354143019, 0.9216799091940976, 0.9216799091940976, 0.9228149829738933, 0.9228149829738933, 0.9250851305334846, 0.9250851305334846, 0.9262202043132803, 0.9262202043132803, 0.927355278093076, 0.927355278093076, 0.9284903518728718, 0.9284903518728718, 0.9296254256526674, 0.9296254256526674, 0.9307604994324631, 0.9307604994324631, 0.9318955732122588, 0.9318955732122588, 0.9341657207718501, 0.9341657207718501, 0.9375709421112373, 0.9375709421112373, 0.9387060158910329, 0.9387060158910329, 0.9398410896708286, 0.9398410896708286, 0.9409761634506243, 0.9409761634506243, 0.94211123723042, 0.94211123723042, 0.9432463110102156, 0.9432463110102156, 0.945516458569807, 0.945516458569807, 0.9466515323496028, 0.9466515323496028, 0.9477866061293984, 0.9477866061293984, 0.9489216799091941, 0.9489216799091941, 0.9523269012485811, 0.9523269012485811, 0.9545970488081725, 0.9545970488081725, 0.9557321225879682, 0.9557321225879682, 0.9568671963677639, 0.9568671963677639, 0.9580022701475596, 0.9580022701475596, 0.960272417707151, 0.960272417707151, 0.9625425652667423, 0.9625425652667423, 0.9648127128263337, 0.9648127128263337, 0.9670828603859251, 0.9670828603859251, 0.9704880817253121, 0.9704880817253121, 0.9716231555051078, 0.9716231555051078, 0.9727582292849035, 0.9727582292849035, 0.9738933030646992, 0.9738933030646992, 0.9750283768444948, 0.9750283768444948, 0.9761634506242906, 0.9761634506242906, 0.9772985244040863, 0.9772985244040863, 0.978433598183882, 0.978433598183882, 0.9795686719636776, 0.9795686719636776, 0.9807037457434733, 0.9807037457434733, 0.981838819523269, 0.981838819523269, 0.9829738933030647, 0.9829738933030647, 0.9841089670828603, 0.9841089670828603, 0.985244040862656, 0.985244040862656, 0.9875141884222475, 0.9875141884222475, 0.9886492622020431, 0.9886492622020431, 0.9909194097616345, 0.9909194097616345, 0.9920544835414302, 0.9920544835414302, 0.9931895573212258, 0.9931895573212258, 0.9943246311010215, 0.9943246311010215, 0.9954597048808173, 0.9954597048808173, 0.996594778660613, 0.996594778660613, 1.0, 1.0]
