Elo directories that script will process: ['1600-1700']
Compiling data for:  ./data/bins
Number of files: 106
Test first 5 files from X: ['./data/bins/1600-1700/X_chunk_332108_3.npy', './data/bins/1600-1700/X_chunk_116711_3.npy', './data/bins/1600-1700/X_chunk_868900_24.npy', './data/bins/1600-1700/X_chunk_78413_12.npy', './data/bins/1600-1700/X_chunk_185607_28.npy']
Test first 5 files from Y: ['./data/bins/1600-1700/y_chunk_332108_3.npy', './data/bins/1600-1700/y_chunk_116711_3.npy', './data/bins/1600-1700/y_chunk_868900_24.npy', './data/bins/1600-1700/y_chunk_78413_12.npy', './data/bins/1600-1700/y_chunk_185607_28.npy']
X shape:  (11670, 21)
Y shape:  (11670,)
CV scores:  []
Shape of X_train:  (9336, 21)
Shape of X_test:  (2334, 21)
Training accuracy:  0.6512425021422451
Test accuracy:  0.6610968294772922
Train prediction confusion matrix: 
 [[5526  185]
 [3071  554]]
Test prediction confusion matrix: 
 [[1431   55]
 [ 736  112]]
ROC AUC curve: 

FPR: [0.0, 0.0006729475100942127, 0.0013458950201884253, 0.0013458950201884253, 0.002018842530282638, 0.002018842530282638, 0.0026917900403768506, 0.0026917900403768506, 0.004037685060565276, 0.004037685060565276, 0.004710632570659489, 0.004710632570659489, 0.005383580080753701, 0.005383580080753701, 0.006056527590847914, 0.006056527590847914, 0.006729475100942127, 0.006729475100942127, 0.007402422611036339, 0.007402422611036339, 0.008075370121130552, 0.008075370121130552, 0.008748317631224764, 0.008748317631224764, 0.009421265141318977, 0.009421265141318977, 0.010767160161507403, 0.010767160161507403, 0.012113055181695828, 0.012113055181695828, 0.014131897711978465, 0.014131897711978465, 0.01547779273216689, 0.01547779273216689, 0.016150740242261104, 0.016150740242261104, 0.01816958277254374, 0.01816958277254374, 0.018842530282637954, 0.018842530282637954, 0.019515477792732168, 0.019515477792732168, 0.02086137281292059, 0.02086137281292059, 0.02220726783310902, 0.02220726783310902, 0.02288021534320323, 0.02288021534320323, 0.024226110363391656, 0.024226110363391656, 0.026244952893674293, 0.026244952893674293, 0.026917900403768506, 0.026917900403768506, 0.02826379542395693, 0.02826379542395693, 0.029609690444145357, 0.029609690444145357, 0.03028263795423957, 0.03028263795423957, 0.03095558546433378, 0.03095558546433378, 0.031628532974428, 0.031628532974428, 0.033647375504710635, 0.033647375504710635, 0.034320323014804845, 0.034320323014804845, 0.03566621803499327, 0.03566621803499327, 0.03633916554508748, 0.03633916554508748, 0.03768506056527591, 0.03768506056527591, 0.039703903095558546, 0.039703903095558546, 0.040376850605652756, 0.040376850605652756, 0.04104979811574697, 0.04104979811574697, 0.04172274562584118, 0.04172274562584118, 0.04306864064602961, 0.04306864064602961, 0.04374158815612382, 0.04374158815612382, 0.04441453566621804, 0.04441453566621804, 0.04508748317631225, 0.04508748317631225, 0.047106325706594884, 0.047106325706594884, 0.0477792732166891, 0.0477792732166891, 0.04845222072678331, 0.04845222072678331, 0.05047106325706595, 0.05047106325706595, 0.05114401076716016, 0.05114401076716016, 0.051816958277254375, 0.051816958277254375, 0.0531628532974428, 0.0531628532974428, 0.05383580080753701, 0.05383580080753701, 0.05518169582772544, 0.05518169582772544, 0.05585464333781965, 0.05585464333781965, 0.05652759084791386, 0.05652759084791386, 0.05720053835800808, 0.05720053835800808, 0.05787348586810229, 0.05787348586810229, 0.058546433378196504, 0.058546433378196504, 0.059892328398384924, 0.059892328398384924, 0.06056527590847914, 0.06056527590847914, 0.063257065948856, 0.063257065948856, 0.0639300134589502, 0.0639300134589502, 0.06527590847913863, 0.06527590847913863, 0.06662180349932706, 0.06662180349932706, 0.06729475100942127, 0.06729475100942127, 0.06796769851951548, 0.06796769851951548, 0.06864064602960969, 0.06864064602960969, 0.0693135935397039, 0.0693135935397039, 0.0740242261103634, 0.0740242261103634, 0.07469717362045761, 0.07469717362045761, 0.07806191117092867, 0.07806191117092867, 0.07940780619111709, 0.07940780619111709, 0.08142664872139974, 0.08142664872139974, 0.08209959623149395, 0.08209959623149395, 0.08344549125168237, 0.08344549125168237, 0.08546433378196501, 0.08546433378196501, 0.08815612382234186, 0.08815612382234186, 0.08882907133243607, 0.08882907133243607, 0.0901749663526245, 0.0901749663526245, 0.09219380888290714, 0.09219380888290714, 0.09353970390309556, 0.09353970390309556, 0.0955585464333782, 0.0955585464333782, 0.09623149394347241, 0.09623149394347241, 0.09690444145356662, 0.09690444145356662, 0.09757738896366083, 0.09757738896366083, 0.09825033647375504, 0.09825033647375504, 0.1016150740242261, 0.1016150740242261, 0.10228802153432032, 0.10228802153432032, 0.10296096904441454, 0.10296096904441454, 0.10363391655450875, 0.10363391655450875, 0.10430686406460296, 0.10430686406460296, 0.10497981157469717, 0.10497981157469717, 0.10565275908479138, 0.10565275908479138, 0.1063257065948856, 0.1063257065948856, 0.10834454912516824, 0.10834454912516824, 0.10901749663526245, 0.10901749663526245, 0.10969044414535666, 0.10969044414535666, 0.1117092866756393, 0.1117092866756393, 0.11305518169582772, 0.11305518169582772, 0.11372812920592194, 0.11372812920592194, 0.11440107671601615, 0.11440107671601615, 0.11641991924629878, 0.11641991924629878, 0.11709286675639301, 0.11709286675639301, 0.12045760430686406, 0.12045760430686406, 0.12113055181695828, 0.12113055181695828, 0.12382234185733512, 0.12382234185733512, 0.12449528936742935, 0.12449528936742935, 0.126514131897712, 0.126514131897712, 0.13055181695827725, 0.13055181695827725, 0.13189771197846567, 0.13189771197846567, 0.13458950201884254, 0.13458950201884254, 0.13728129205921938, 0.13728129205921938, 0.14131897711978467, 0.14131897711978467, 0.1426648721399731, 0.1426648721399731, 0.14468371467025573, 0.14468371467025573, 0.1480484522207268, 0.1480484522207268, 0.148721399730821, 0.148721399730821, 0.14939434724091522, 0.14939434724091522, 0.15074024226110364, 0.15074024226110364, 0.15141318977119786, 0.15141318977119786, 0.15275908479138628, 0.15275908479138628, 0.1541049798115747, 0.1541049798115747, 0.15545087483176312, 0.15545087483176312, 0.15814266487213996, 0.15814266487213996, 0.15881561238223418, 0.15881561238223418, 0.1601615074024226, 0.1601615074024226, 0.16218034993270525, 0.16218034993270525, 0.16756393001345896, 0.16756393001345896, 0.1695827725437416, 0.1695827725437416, 0.1756393001345895, 0.1756393001345895, 0.17698519515477792, 0.17698519515477792, 0.18304172274562583, 0.18304172274562583, 0.1864064602960969, 0.1864064602960969, 0.18909825033647376, 0.18909825033647376, 0.1911170928667564, 0.1911170928667564, 0.19246298788694483, 0.19246298788694483, 0.19448183041722747, 0.19448183041722747, 0.19650067294751009, 0.19650067294751009, 0.20053835800807537, 0.20053835800807537, 0.20255720053835802, 0.20255720053835802, 0.2032301480484522, 0.2032301480484522, 0.20995962314939434, 0.20995962314939434, 0.21467025572005383, 0.21467025572005383, 0.21534320323014805, 0.21534320323014805, 0.2173620457604307, 0.2173620457604307, 0.22072678331090176, 0.22072678331090176, 0.2234185733512786, 0.2234185733512786, 0.22543741588156124, 0.22543741588156124, 0.22812920592193808, 0.22812920592193808, 0.2294751009421265, 0.2294751009421265, 0.23082099596231495, 0.23082099596231495, 0.23149394347240915, 0.23149394347240915, 0.23216689098250337, 0.23216689098250337, 0.23418573351278602, 0.23418573351278602, 0.23620457604306863, 0.23620457604306863, 0.23755047106325708, 0.23755047106325708, 0.23822341857335128, 0.23822341857335128, 0.2395693135935397, 0.2395693135935397, 0.24226110363391656, 0.24226110363391656, 0.2489905787348587, 0.2489905787348587, 0.2543741588156124, 0.2543741588156124, 0.2557200538358008, 0.2557200538358008, 0.25773889636608344, 0.25773889636608344, 0.2617765814266487, 0.2617765814266487, 0.26379542395693134, 0.26379542395693134, 0.2651413189771198, 0.2651413189771198, 0.2691790040376851, 0.2691790040376851, 0.2698519515477793, 0.2698519515477793, 0.27052489905787347, 0.27052489905787347, 0.2711978465679677, 0.2711978465679677, 0.2732166890982503, 0.2732166890982503, 0.27388963660834453, 0.27388963660834453, 0.27456258411843876, 0.27456258411843876, 0.275235531628533, 0.275235531628533, 0.2772543741588156, 0.2772543741588156, 0.27994616419919244, 0.27994616419919244, 0.2819650067294751, 0.2819650067294751, 0.2833109017496635, 0.2833109017496635, 0.2853297442799462, 0.2853297442799462, 0.2860026917900404, 0.2860026917900404, 0.2913862718707941, 0.2913862718707941, 0.2934051144010767, 0.2934051144010767, 0.2940780619111709, 0.2940780619111709, 0.297442799461642, 0.297442799461642, 0.2981157469717362, 0.2981157469717362, 0.30484522207267833, 0.30484522207267833, 0.3082099596231494, 0.3082099596231494, 0.3088829071332436, 0.3088829071332436, 0.31090174966352624, 0.31090174966352624, 0.31157469717362046, 0.31157469717362046, 0.3122476446837147, 0.3122476446837147, 0.31292059219380886, 0.31292059219380886, 0.3142664872139973, 0.3142664872139973, 0.31561238223418575, 0.31561238223418575, 0.319650067294751, 0.319650067294751, 0.32166890982503366, 0.32166890982503366, 0.3243606998654105, 0.3243606998654105, 0.32570659488559894, 0.32570659488559894, 0.3283983849259758, 0.3283983849259758, 0.3310901749663526, 0.3310901749663526, 0.3351278600269179, 0.3351278600269179, 0.33580080753701214, 0.33580080753701214, 0.33781965006729475, 0.33781965006729475, 0.338492597577389, 0.338492597577389, 0.3391655450874832, 0.3391655450874832, 0.3411843876177658, 0.3411843876177658, 0.34791386271870794, 0.34791386271870794, 0.3492597577388964, 0.3492597577388964, 0.3506056527590848, 0.3506056527590848, 0.3532974427994616, 0.3532974427994616, 0.3553162853297443, 0.3553162853297443, 0.35935397039030953, 0.35935397039030953, 0.36002691790040375, 0.36002691790040375, 0.3613728129205922, 0.3613728129205922, 0.3627187079407806, 0.3627187079407806, 0.36406460296096904, 0.36406460296096904, 0.36473755047106327, 0.36473755047106327, 0.36810228802153433, 0.36810228802153433, 0.36877523553162855, 0.36877523553162855, 0.3721399730820996, 0.3721399730820996, 0.373485868102288, 0.373485868102288, 0.38021534320323014, 0.38021534320323014, 0.3815612382234186, 0.3815612382234186, 0.3842530282637954, 0.3842530282637954, 0.3876177658142665, 0.3876177658142665, 0.3896366083445491, 0.3896366083445491, 0.39030955585464333, 0.39030955585464333, 0.39300134589502017, 0.39300134589502017, 0.3943472409152086, 0.3943472409152086, 0.39569313593539707, 0.39569313593539707, 0.39703903095558546, 0.39703903095558546, 0.3990578734858681, 0.3990578734858681, 0.3997308209959623, 0.3997308209959623, 0.4004037685060565, 0.4004037685060565, 0.40107671601615075, 0.40107671601615075, 0.40174966352624497, 0.40174966352624497, 0.40242261103633914, 0.40242261103633914, 0.4044414535666218, 0.4044414535666218, 0.4057873485868102, 0.4057873485868102, 0.4064602960969044, 0.4064602960969044, 0.40713324360699865, 0.40713324360699865, 0.4078061911170929, 0.4078061911170929, 0.4098250336473755, 0.4098250336473755, 0.414535666218035, 0.414535666218035, 0.4152086137281292, 0.4152086137281292, 0.4199192462987887, 0.4199192462987887, 0.4205921938088829, 0.4205921938088829, 0.42126514131897713, 0.42126514131897713, 0.4226110363391655, 0.4226110363391655, 0.42328398384925975, 0.42328398384925975, 0.4313593539703903, 0.4313593539703903, 0.4327052489905787, 0.4327052489905787, 0.43337819650067294, 0.43337819650067294, 0.4353970390309556, 0.4353970390309556, 0.4421265141318977, 0.4421265141318977, 0.4427994616419919, 0.4427994616419919, 0.44414535666218036, 0.44414535666218036, 0.44549125168236875, 0.44549125168236875, 0.44818304172274565, 0.44818304172274565, 0.4488559892328398, 0.4488559892328398, 0.4508748317631225, 0.4508748317631225, 0.45827725437415884, 0.45827725437415884, 0.45962314939434723, 0.45962314939434723, 0.4616419919246299, 0.4616419919246299, 0.4629878869448183, 0.4629878869448183, 0.46837146702557203, 0.46837146702557203, 0.4690444145356662, 0.4690444145356662, 0.47039030955585465, 0.47039030955585465, 0.47106325706594887, 0.47106325706594887, 0.4730820995962315, 0.4730820995962315, 0.48048452220726784, 0.48048452220726784, 0.48250336473755046, 0.48250336473755046, 0.49057873485868103, 0.49057873485868103, 0.4919246298788694, 0.4919246298788694, 0.49327052489905787, 0.49327052489905787, 0.4946164199192463, 0.4946164199192463, 0.49663526244952894, 0.49663526244952894, 0.49730820995962316, 0.49730820995962316, 0.4979811574697174, 0.4979811574697174, 0.49865410497981155, 0.49865410497981155, 0.4993270524899058, 0.4993270524899058, 0.5006729475100942, 0.5006729475100942, 0.5020188425302826, 0.5020188425302826, 0.5026917900403769, 0.5026917900403769, 0.5033647375504711, 0.5033647375504711, 0.5047106325706595, 0.5047106325706595, 0.506056527590848, 0.506056527590848, 0.5067294751009421, 0.5067294751009421, 0.5074024226110363, 0.5074024226110363, 0.5080753701211306, 0.5080753701211306, 0.5121130551816958, 0.5121130551816958, 0.5127860026917901, 0.5127860026917901, 0.5154777927321669, 0.5154777927321669, 0.5195154777927322, 0.5195154777927322, 0.522207267833109, 0.522207267833109, 0.5242261103633916, 0.5242261103633916, 0.5248990578734859, 0.5248990578734859, 0.5255720053835801, 0.5255720053835801, 0.5262449528936743, 0.5262449528936743, 0.5269179004037685, 0.5269179004037685, 0.5275908479138627, 0.5275908479138627, 0.5309555854643337, 0.5309555854643337, 0.5356662180349933, 0.5356662180349933, 0.5363391655450875, 0.5363391655450875, 0.5397039030955586, 0.5397039030955586, 0.5417227456258412, 0.5417227456258412, 0.5423956931359354, 0.5423956931359354, 0.5497981157469717, 0.5497981157469717, 0.5572005383580081, 0.5572005383580081, 0.5578734858681023, 0.5578734858681023, 0.5605652759084792, 0.5605652759084792, 0.5625841184387618, 0.5625841184387618, 0.5639300134589502, 0.5639300134589502, 0.5646029609690444, 0.5646029609690444, 0.5659488559892328, 0.5659488559892328, 0.5679676985195155, 0.5679676985195155, 0.5686406460296097, 0.5686406460296097, 0.5699865410497981, 0.5699865410497981, 0.5713324360699865, 0.5713324360699865, 0.5720053835800808, 0.5720053835800808, 0.572678331090175, 0.572678331090175, 0.5733512786002691, 0.5733512786002691, 0.5740242261103634, 0.5740242261103634, 0.5746971736204576, 0.5746971736204576, 0.5753701211305519, 0.5753701211305519, 0.576043068640646, 0.576043068640646, 0.5767160161507402, 0.5767160161507402, 0.5807537012113055, 0.5807537012113055, 0.5827725437415882, 0.5827725437415882, 0.585464333781965, 0.585464333781965, 0.5888290713324361, 0.5888290713324361, 0.5895020188425303, 0.5895020188425303, 0.5915208613728129, 0.5915208613728129, 0.5928667563930013, 0.5928667563930013, 0.5969044414535666, 0.5969044414535666, 0.5989232839838493, 0.5989232839838493, 0.6009421265141319, 0.6009421265141319, 0.6029609690444145, 0.6029609690444145, 0.6069986541049798, 0.6069986541049798, 0.607671601615074, 0.607671601615074, 0.6096904441453567, 0.6096904441453567, 0.6137281292059219, 0.6137281292059219, 0.6144010767160162, 0.6144010767160162, 0.6164199192462988, 0.6164199192462988, 0.6211305518169583, 0.6211305518169583, 0.629878869448183, 0.629878869448183, 0.6332436069986541, 0.6332436069986541, 0.6366083445491252, 0.6366083445491252, 0.6372812920592194, 0.6372812920592194, 0.6399730820995962, 0.6399730820995962, 0.642664872139973, 0.642664872139973, 0.6433378196500673, 0.6433378196500673, 0.6440107671601615, 0.6440107671601615, 0.6446837146702558, 0.6446837146702558, 0.6460296096904441, 0.6460296096904441, 0.6467025572005384, 0.6467025572005384, 0.6473755047106325, 0.6473755047106325, 0.648721399730821, 0.648721399730821, 0.6507402422611036, 0.6507402422611036, 0.6554508748317631, 0.6554508748317631, 0.6594885598923284, 0.6594885598923284, 0.6635262449528937, 0.6635262449528937, 0.6668909825033648, 0.6668909825033648, 0.6702557200538358, 0.6702557200538358, 0.676985195154778, 0.676985195154778, 0.6776581426648721, 0.6776581426648721, 0.6790040376850606, 0.6790040376850606, 0.6796769851951547, 0.6796769851951547, 0.680349932705249, 0.680349932705249, 0.6837146702557201, 0.6837146702557201, 0.6843876177658142, 0.6843876177658142, 0.6897711978465679, 0.6897711978465679, 0.6917900403768507, 0.6917900403768507, 0.6924629878869448, 0.6924629878869448, 0.6971736204576043, 0.6971736204576043, 0.6985195154777928, 0.6985195154777928, 0.6998654104979811, 0.6998654104979811, 0.7005383580080754, 0.7005383580080754, 0.7018842530282638, 0.7018842530282638, 0.7032301480484522, 0.7032301480484522, 0.7045760430686406, 0.7045760430686406, 0.7072678331090175, 0.7072678331090175, 0.7079407806191117, 0.7079407806191117, 0.7106325706594886, 0.7106325706594886, 0.7146702557200538, 0.7146702557200538, 0.7160161507402423, 0.7160161507402423, 0.7173620457604307, 0.7173620457604307, 0.7187079407806191, 0.7187079407806191, 0.7200538358008075, 0.7200538358008075, 0.7227456258411844, 0.7227456258411844, 0.724764468371467, 0.724764468371467, 0.7254374158815612, 0.7254374158815612, 0.7281292059219381, 0.7281292059219381, 0.7362045760430687, 0.7362045760430687, 0.7382234185733513, 0.7382234185733513, 0.7429340511440108, 0.7429340511440108, 0.7456258411843876, 0.7456258411843876, 0.7476446837146703, 0.7476446837146703, 0.7483176312247645, 0.7483176312247645, 0.7503364737550471, 0.7503364737550471, 0.7510094212651414, 0.7510094212651414, 0.7543741588156124, 0.7543741588156124, 0.7637954239569313, 0.7637954239569313, 0.765814266487214, 0.765814266487214, 0.7685060565275909, 0.7685060565275909, 0.769179004037685, 0.769179004037685, 0.7718707940780619, 0.7718707940780619, 0.7765814266487214, 0.7765814266487214, 0.7826379542395693, 0.7826379542395693, 0.784656796769852, 0.784656796769852, 0.7860026917900403, 0.7860026917900403, 0.7893674293405114, 0.7893674293405114, 0.7913862718707941, 0.7913862718707941, 0.7920592193808883, 0.7920592193808883, 0.7927321668909825, 0.7927321668909825, 0.7960969044414535, 0.7960969044414535, 0.797442799461642, 0.797442799461642, 0.7994616419919246, 0.7994616419919246, 0.8001345895020189, 0.8001345895020189, 0.800807537012113, 0.800807537012113, 0.8034993270524899, 0.8034993270524899, 0.8041722745625841, 0.8041722745625841, 0.8048452220726783, 0.8048452220726783, 0.806864064602961, 0.806864064602961, 0.8082099596231493, 0.8082099596231493, 0.8109017496635262, 0.8109017496635262, 0.8129205921938089, 0.8129205921938089, 0.819650067294751, 0.819650067294751, 0.8209959623149394, 0.8209959623149394, 0.8243606998654105, 0.8243606998654105, 0.8297442799461642, 0.8297442799461642, 0.8304172274562585, 0.8304172274562585, 0.8337819650067295, 0.8337819650067295, 0.8391655450874832, 0.8391655450874832, 0.8411843876177658, 0.8411843876177658, 0.8458950201884253, 0.8458950201884253, 0.8472409152086138, 0.8472409152086138, 0.851278600269179, 0.851278600269179, 0.8526244952893675, 0.8526244952893675, 0.8539703903095559, 0.8539703903095559, 0.8566621803499327, 0.8566621803499327, 0.857335127860027, 0.857335127860027, 0.860699865410498, 0.860699865410498, 0.8620457604306864, 0.8620457604306864, 0.8627187079407806, 0.8627187079407806, 0.8667563930013459, 0.8667563930013459, 0.870121130551817, 0.870121130551817, 0.8714670255720054, 0.8714670255720054, 0.8775235531628532, 0.8775235531628532, 0.8815612382234186, 0.8815612382234186, 0.882907133243607, 0.882907133243607, 0.8909825033647375, 0.8909825033647375, 0.8916554508748318, 0.8916554508748318, 0.8950201884253028, 0.8950201884253028, 0.895693135935397, 0.895693135935397, 0.8963660834454913, 0.8963660834454913, 0.901749663526245, 0.901749663526245, 0.9024226110363391, 0.9024226110363391, 0.9057873485868102, 0.9057873485868102, 0.9071332436069987, 0.9071332436069987, 0.9098250336473755, 0.9098250336473755, 0.9138627187079408, 0.9138627187079408, 0.9165545087483177, 0.9165545087483177, 0.9232839838492598, 0.9232839838492598, 0.923956931359354, 0.923956931359354, 0.9246298788694481, 0.9246298788694481, 0.9259757738896366, 0.9259757738896366, 0.927321668909825, 0.927321668909825, 0.9306864064602961, 0.9306864064602961, 0.9347240915208613, 0.9347240915208613, 0.9360699865410498, 0.9360699865410498, 0.9367429340511441, 0.9367429340511441, 0.9380888290713324, 0.9380888290713324, 0.9394347240915208, 0.9394347240915208, 0.9407806191117093, 0.9407806191117093, 0.9427994616419919, 0.9427994616419919, 0.9441453566621804, 0.9441453566621804, 0.9454912516823688, 0.9454912516823688, 0.946164199192463, 0.946164199192463, 0.949528936742934, 0.949528936742934, 0.9522207267833109, 0.9522207267833109, 0.9569313593539704, 0.9569313593539704, 0.9589502018842531, 0.9589502018842531, 0.9596231493943472, 0.9596231493943472, 0.9623149394347241, 0.9623149394347241, 0.9650067294751009, 0.9650067294751009, 0.9656796769851952, 0.9656796769851952, 0.9690444145356663, 0.9690444145356663, 0.9697173620457604, 0.9697173620457604, 0.9710632570659489, 0.9710632570659489, 0.971736204576043, 0.971736204576043, 0.9724091520861373, 0.9724091520861373, 0.9744279946164199, 0.9744279946164199, 0.9751009421265141, 0.9751009421265141, 0.9757738896366084, 0.9757738896366084, 0.9771197846567967, 0.9771197846567967, 0.9784656796769852, 0.9784656796769852, 0.9899057873485868, 0.9899057873485868, 0.990578734858681, 0.990578734858681, 0.9919246298788694, 0.9919246298788694, 0.9946164199192463, 0.9946164199192463, 0.9952893674293405, 0.9952893674293405, 1.0, 1.0]
TPR: [0.0, 0.0, 0.0, 0.0023584905660377358, 0.0023584905660377358, 0.01179245283018868, 0.01179245283018868, 0.014150943396226415, 0.014150943396226415, 0.015330188679245283, 0.015330188679245283, 0.018867924528301886, 0.018867924528301886, 0.045990566037735846, 0.045990566037735846, 0.05070754716981132, 0.05070754716981132, 0.05778301886792453, 0.05778301886792453, 0.06485849056603774, 0.06485849056603774, 0.0660377358490566, 0.0660377358490566, 0.06839622641509434, 0.06839622641509434, 0.07547169811320754, 0.07547169811320754, 0.07665094339622641, 0.07665094339622641, 0.08018867924528301, 0.08018867924528301, 0.08372641509433962, 0.08372641509433962, 0.08726415094339622, 0.08726415094339622, 0.08844339622641509, 0.08844339622641509, 0.09198113207547169, 0.09198113207547169, 0.09433962264150944, 0.09433962264150944, 0.09669811320754718, 0.09669811320754718, 0.09787735849056604, 0.09787735849056604, 0.10023584905660378, 0.10023584905660378, 0.10259433962264151, 0.10259433962264151, 0.10495283018867925, 0.10495283018867925, 0.10613207547169812, 0.10613207547169812, 0.10731132075471699, 0.10731132075471699, 0.10966981132075472, 0.10966981132075472, 0.11084905660377359, 0.11084905660377359, 0.11438679245283019, 0.11438679245283019, 0.11674528301886793, 0.11674528301886793, 0.12028301886792453, 0.12028301886792453, 0.12382075471698113, 0.12382075471698113, 0.12971698113207547, 0.12971698113207547, 0.13089622641509435, 0.13089622641509435, 0.1320754716981132, 0.1320754716981132, 0.1332547169811321, 0.1332547169811321, 0.13443396226415094, 0.13443396226415094, 0.13797169811320756, 0.13797169811320756, 0.1391509433962264, 0.1391509433962264, 0.1403301886792453, 0.1403301886792453, 0.14386792452830188, 0.14386792452830188, 0.14858490566037735, 0.14858490566037735, 0.14976415094339623, 0.14976415094339623, 0.15566037735849056, 0.15566037735849056, 0.15683962264150944, 0.15683962264150944, 0.1580188679245283, 0.1580188679245283, 0.1615566037735849, 0.1615566037735849, 0.16391509433962265, 0.16391509433962265, 0.1650943396226415, 0.1650943396226415, 0.17570754716981132, 0.17570754716981132, 0.1792452830188679, 0.1792452830188679, 0.18278301886792453, 0.18278301886792453, 0.1875, 0.1875, 0.18867924528301888, 0.18867924528301888, 0.18985849056603774, 0.18985849056603774, 0.19221698113207547, 0.19221698113207547, 0.1945754716981132, 0.1945754716981132, 0.1957547169811321, 0.1957547169811321, 0.19693396226415094, 0.19693396226415094, 0.19811320754716982, 0.19811320754716982, 0.19929245283018868, 0.19929245283018868, 0.20518867924528303, 0.20518867924528303, 0.20872641509433962, 0.20872641509433962, 0.21226415094339623, 0.21226415094339623, 0.2134433962264151, 0.2134433962264151, 0.21580188679245282, 0.21580188679245282, 0.21816037735849056, 0.21816037735849056, 0.2205188679245283, 0.2205188679245283, 0.22287735849056603, 0.22287735849056603, 0.22641509433962265, 0.22641509433962265, 0.22877358490566038, 0.22877358490566038, 0.22995283018867924, 0.22995283018867924, 0.23113207547169812, 0.23113207547169812, 0.23231132075471697, 0.23231132075471697, 0.23349056603773585, 0.23349056603773585, 0.2346698113207547, 0.2346698113207547, 0.2358490566037736, 0.2358490566037736, 0.23820754716981132, 0.23820754716981132, 0.24056603773584906, 0.24056603773584906, 0.24410377358490565, 0.24410377358490565, 0.24528301886792453, 0.24528301886792453, 0.24646226415094338, 0.24646226415094338, 0.25, 0.25, 0.25235849056603776, 0.25235849056603776, 0.2535377358490566, 0.2535377358490566, 0.25943396226415094, 0.25943396226415094, 0.2617924528301887, 0.2617924528301887, 0.26297169811320753, 0.26297169811320753, 0.2653301886792453, 0.2653301886792453, 0.267688679245283, 0.267688679245283, 0.27122641509433965, 0.27122641509433965, 0.2759433962264151, 0.2759433962264151, 0.27712264150943394, 0.27712264150943394, 0.2794811320754717, 0.2794811320754717, 0.2806603773584906, 0.2806603773584906, 0.2830188679245283, 0.2830188679245283, 0.2841981132075472, 0.2841981132075472, 0.28537735849056606, 0.28537735849056606, 0.2865566037735849, 0.2865566037735849, 0.29009433962264153, 0.29009433962264153, 0.29127358490566035, 0.29127358490566035, 0.294811320754717, 0.294811320754717, 0.2959905660377358, 0.2959905660377358, 0.2983490566037736, 0.2983490566037736, 0.3018867924528302, 0.3018867924528302, 0.30424528301886794, 0.30424528301886794, 0.30542452830188677, 0.30542452830188677, 0.3089622641509434, 0.3089622641509434, 0.31014150943396224, 0.31014150943396224, 0.3136792452830189, 0.3136792452830189, 0.3160377358490566, 0.3160377358490566, 0.31721698113207547, 0.31721698113207547, 0.31839622641509435, 0.31839622641509435, 0.31957547169811323, 0.31957547169811323, 0.32075471698113206, 0.32075471698113206, 0.32193396226415094, 0.32193396226415094, 0.3231132075471698, 0.3231132075471698, 0.3242924528301887, 0.3242924528301887, 0.3266509433962264, 0.3266509433962264, 0.33254716981132076, 0.33254716981132076, 0.33726415094339623, 0.33726415094339623, 0.33962264150943394, 0.33962264150943394, 0.3408018867924528, 0.3408018867924528, 0.3443396226415094, 0.3443396226415094, 0.3455188679245283, 0.3455188679245283, 0.34787735849056606, 0.34787735849056606, 0.35141509433962265, 0.35141509433962265, 0.35259433962264153, 0.35259433962264153, 0.3584905660377358, 0.3584905660377358, 0.36202830188679247, 0.36202830188679247, 0.3632075471698113, 0.3632075471698113, 0.3643867924528302, 0.3643867924528302, 0.36556603773584906, 0.36556603773584906, 0.36674528301886794, 0.36674528301886794, 0.36792452830188677, 0.36792452830188677, 0.36910377358490565, 0.36910377358490565, 0.37028301886792453, 0.37028301886792453, 0.3714622641509434, 0.3714622641509434, 0.37264150943396224, 0.37264150943396224, 0.3738207547169811, 0.3738207547169811, 0.375, 0.375, 0.37735849056603776, 0.37735849056603776, 0.3785377358490566, 0.3785377358490566, 0.38207547169811323, 0.38207547169811323, 0.3856132075471698, 0.3856132075471698, 0.3867924528301887, 0.3867924528301887, 0.38797169811320753, 0.38797169811320753, 0.3891509433962264, 0.3891509433962264, 0.3903301886792453, 0.3903301886792453, 0.3915094339622642, 0.3915094339622642, 0.392688679245283, 0.392688679245283, 0.3938679245283019, 0.3938679245283019, 0.39740566037735847, 0.39740566037735847, 0.39858490566037735, 0.39858490566037735, 0.39976415094339623, 0.39976415094339623, 0.4009433962264151, 0.4009433962264151, 0.40212264150943394, 0.40212264150943394, 0.4033018867924528, 0.4033018867924528, 0.4080188679245283, 0.4080188679245283, 0.4115566037735849, 0.4115566037735849, 0.41273584905660377, 0.41273584905660377, 0.41509433962264153, 0.41509433962264153, 0.41627358490566035, 0.41627358490566035, 0.41745283018867924, 0.41745283018867924, 0.4186320754716981, 0.4186320754716981, 0.419811320754717, 0.419811320754717, 0.4221698113207547, 0.4221698113207547, 0.4257075471698113, 0.4257075471698113, 0.4268867924528302, 0.4268867924528302, 0.42806603773584906, 0.42806603773584906, 0.43042452830188677, 0.43042452830188677, 0.43160377358490565, 0.43160377358490565, 0.43278301886792453, 0.43278301886792453, 0.43514150943396224, 0.43514150943396224, 0.4363207547169811, 0.4363207547169811, 0.4375, 0.4375, 0.43985849056603776, 0.43985849056603776, 0.4410377358490566, 0.4410377358490566, 0.44221698113207547, 0.44221698113207547, 0.44339622641509435, 0.44339622641509435, 0.44575471698113206, 0.44575471698113206, 0.44693396226415094, 0.44693396226415094, 0.4481132075471698, 0.4481132075471698, 0.45047169811320753, 0.45047169811320753, 0.4516509433962264, 0.4516509433962264, 0.4528301886792453, 0.4528301886792453, 0.455188679245283, 0.455188679245283, 0.4563679245283019, 0.4563679245283019, 0.45872641509433965, 0.45872641509433965, 0.4634433962264151, 0.4634433962264151, 0.46462264150943394, 0.46462264150943394, 0.4658018867924528, 0.4658018867924528, 0.4669811320754717, 0.4669811320754717, 0.4716981132075472, 0.4716981132075472, 0.47287735849056606, 0.47287735849056606, 0.47759433962264153, 0.47759433962264153, 0.47995283018867924, 0.47995283018867924, 0.4811320754716981, 0.4811320754716981, 0.4834905660377358, 0.4834905660377358, 0.4846698113207547, 0.4846698113207547, 0.4858490566037736, 0.4858490566037736, 0.4882075471698113, 0.4882075471698113, 0.4893867924528302, 0.4893867924528302, 0.49056603773584906, 0.49056603773584906, 0.49174528301886794, 0.49174528301886794, 0.49292452830188677, 0.49292452830188677, 0.49410377358490565, 0.49410377358490565, 0.4964622641509434, 0.4964622641509434, 0.49764150943396224, 0.49764150943396224, 0.4988207547169811, 0.4988207547169811, 0.5, 0.5, 0.5011792452830188, 0.5011792452830188, 0.5023584905660378, 0.5023584905660378, 0.5035377358490566, 0.5035377358490566, 0.5047169811320755, 0.5047169811320755, 0.5058962264150944, 0.5058962264150944, 0.5082547169811321, 0.5082547169811321, 0.5094339622641509, 0.5094339622641509, 0.5129716981132075, 0.5129716981132075, 0.5141509433962265, 0.5141509433962265, 0.5153301886792453, 0.5153301886792453, 0.5165094339622641, 0.5165094339622641, 0.5176886792452831, 0.5176886792452831, 0.5200471698113207, 0.5200471698113207, 0.5212264150943396, 0.5212264150943396, 0.5235849056603774, 0.5235849056603774, 0.5247641509433962, 0.5247641509433962, 0.5259433962264151, 0.5259433962264151, 0.527122641509434, 0.527122641509434, 0.5294811320754716, 0.5294811320754716, 0.5306603773584906, 0.5306603773584906, 0.5318396226415094, 0.5318396226415094, 0.5341981132075472, 0.5341981132075472, 0.535377358490566, 0.535377358490566, 0.5365566037735849, 0.5365566037735849, 0.5389150943396226, 0.5389150943396226, 0.5400943396226415, 0.5400943396226415, 0.5424528301886793, 0.5424528301886793, 0.5436320754716981, 0.5436320754716981, 0.5459905660377359, 0.5459905660377359, 0.5483490566037735, 0.5483490566037735, 0.5495283018867925, 0.5495283018867925, 0.5507075471698113, 0.5507075471698113, 0.5530660377358491, 0.5530660377358491, 0.5542452830188679, 0.5542452830188679, 0.5554245283018868, 0.5554245283018868, 0.5589622641509434, 0.5589622641509434, 0.5613207547169812, 0.5613207547169812, 0.5648584905660378, 0.5648584905660378, 0.5672169811320755, 0.5672169811320755, 0.5683962264150944, 0.5683962264150944, 0.5695754716981132, 0.5695754716981132, 0.5707547169811321, 0.5707547169811321, 0.5719339622641509, 0.5719339622641509, 0.5731132075471698, 0.5731132075471698, 0.5754716981132075, 0.5754716981132075, 0.5766509433962265, 0.5766509433962265, 0.5778301886792453, 0.5778301886792453, 0.5801886792452831, 0.5801886792452831, 0.5813679245283019, 0.5813679245283019, 0.5825471698113207, 0.5825471698113207, 0.5837264150943396, 0.5837264150943396, 0.5860849056603774, 0.5860849056603774, 0.5884433962264151, 0.5884433962264151, 0.5955188679245284, 0.5955188679245284, 0.5966981132075472, 0.5966981132075472, 0.5990566037735849, 0.5990566037735849, 0.6002358490566038, 0.6002358490566038, 0.6014150943396226, 0.6014150943396226, 0.6073113207547169, 0.6073113207547169, 0.6096698113207547, 0.6096698113207547, 0.6120283018867925, 0.6120283018867925, 0.6132075471698113, 0.6132075471698113, 0.6143867924528302, 0.6143867924528302, 0.6167452830188679, 0.6167452830188679, 0.6238207547169812, 0.6238207547169812, 0.625, 0.625, 0.6261792452830188, 0.6261792452830188, 0.6273584905660378, 0.6273584905660378, 0.6285377358490566, 0.6285377358490566, 0.6308962264150944, 0.6308962264150944, 0.6320754716981132, 0.6320754716981132, 0.6332547169811321, 0.6332547169811321, 0.6356132075471698, 0.6356132075471698, 0.6367924528301887, 0.6367924528301887, 0.6415094339622641, 0.6415094339622641, 0.6438679245283019, 0.6438679245283019, 0.6450471698113207, 0.6450471698113207, 0.6485849056603774, 0.6485849056603774, 0.6497641509433962, 0.6497641509433962, 0.6509433962264151, 0.6509433962264151, 0.652122641509434, 0.652122641509434, 0.6533018867924528, 0.6533018867924528, 0.6556603773584906, 0.6556603773584906, 0.6580188679245284, 0.6580188679245284, 0.660377358490566, 0.660377358490566, 0.6639150943396226, 0.6639150943396226, 0.6650943396226415, 0.6650943396226415, 0.6662735849056604, 0.6662735849056604, 0.6674528301886793, 0.6674528301886793, 0.6698113207547169, 0.6698113207547169, 0.6721698113207547, 0.6721698113207547, 0.6733490566037735, 0.6733490566037735, 0.6757075471698113, 0.6757075471698113, 0.6768867924528302, 0.6768867924528302, 0.6792452830188679, 0.6792452830188679, 0.6816037735849056, 0.6816037735849056, 0.6827830188679245, 0.6827830188679245, 0.6839622641509434, 0.6839622641509434, 0.6863207547169812, 0.6863207547169812, 0.6886792452830188, 0.6886792452830188, 0.6910377358490566, 0.6910377358490566, 0.6922169811320755, 0.6922169811320755, 0.6945754716981132, 0.6945754716981132, 0.6957547169811321, 0.6957547169811321, 0.6969339622641509, 0.6969339622641509, 0.7004716981132075, 0.7004716981132075, 0.7016509433962265, 0.7016509433962265, 0.7028301886792453, 0.7028301886792453, 0.7040094339622641, 0.7040094339622641, 0.7051886792452831, 0.7051886792452831, 0.7075471698113207, 0.7075471698113207, 0.7087264150943396, 0.7087264150943396, 0.7110849056603774, 0.7110849056603774, 0.7122641509433962, 0.7122641509433962, 0.7134433962264151, 0.7134433962264151, 0.714622641509434, 0.714622641509434, 0.7158018867924528, 0.7158018867924528, 0.7169811320754716, 0.7169811320754716, 0.7181603773584906, 0.7181603773584906, 0.7205188679245284, 0.7205188679245284, 0.7216981132075472, 0.7216981132075472, 0.722877358490566, 0.722877358490566, 0.7240566037735849, 0.7240566037735849, 0.7264150943396226, 0.7264150943396226, 0.7287735849056604, 0.7287735849056604, 0.7323113207547169, 0.7323113207547169, 0.7334905660377359, 0.7334905660377359, 0.7346698113207547, 0.7346698113207547, 0.7358490566037735, 0.7358490566037735, 0.7370283018867925, 0.7370283018867925, 0.7382075471698113, 0.7382075471698113, 0.7417452830188679, 0.7417452830188679, 0.7429245283018868, 0.7429245283018868, 0.7441037735849056, 0.7441037735849056, 0.7452830188679245, 0.7452830188679245, 0.7464622641509434, 0.7464622641509434, 0.7476415094339622, 0.7476415094339622, 0.7488207547169812, 0.7488207547169812, 0.75, 0.75, 0.7523584905660378, 0.7523584905660378, 0.7558962264150944, 0.7558962264150944, 0.7570754716981132, 0.7570754716981132, 0.7582547169811321, 0.7582547169811321, 0.7606132075471698, 0.7606132075471698, 0.7617924528301887, 0.7617924528301887, 0.7653301886792453, 0.7653301886792453, 0.7665094339622641, 0.7665094339622641, 0.7676886792452831, 0.7676886792452831, 0.7688679245283019, 0.7688679245283019, 0.7712264150943396, 0.7712264150943396, 0.7724056603773585, 0.7724056603773585, 0.7735849056603774, 0.7735849056603774, 0.7759433962264151, 0.7759433962264151, 0.777122641509434, 0.777122641509434, 0.7830188679245284, 0.7830188679245284, 0.7841981132075472, 0.7841981132075472, 0.7865566037735849, 0.7865566037735849, 0.7877358490566038, 0.7877358490566038, 0.7912735849056604, 0.7912735849056604, 0.7924528301886793, 0.7924528301886793, 0.7936320754716981, 0.7936320754716981, 0.7971698113207547, 0.7971698113207547, 0.7983490566037735, 0.7983490566037735, 0.7995283018867925, 0.7995283018867925, 0.8007075471698113, 0.8007075471698113, 0.8042452830188679, 0.8042452830188679, 0.8054245283018868, 0.8054245283018868, 0.8066037735849056, 0.8066037735849056, 0.8077830188679245, 0.8077830188679245, 0.8089622641509434, 0.8089622641509434, 0.8101415094339622, 0.8101415094339622, 0.8113207547169812, 0.8113207547169812, 0.8136792452830188, 0.8136792452830188, 0.8148584905660378, 0.8148584905660378, 0.8160377358490566, 0.8160377358490566, 0.8172169811320755, 0.8172169811320755, 0.8183962264150944, 0.8183962264150944, 0.8195754716981132, 0.8195754716981132, 0.8207547169811321, 0.8207547169811321, 0.8219339622641509, 0.8219339622641509, 0.8231132075471698, 0.8231132075471698, 0.8254716981132075, 0.8254716981132075, 0.8266509433962265, 0.8266509433962265, 0.8278301886792453, 0.8278301886792453, 0.8290094339622641, 0.8290094339622641, 0.8301886792452831, 0.8301886792452831, 0.8313679245283019, 0.8313679245283019, 0.8337264150943396, 0.8337264150943396, 0.8349056603773585, 0.8349056603773585, 0.8372641509433962, 0.8372641509433962, 0.8384433962264151, 0.8384433962264151, 0.839622641509434, 0.839622641509434, 0.8408018867924528, 0.8408018867924528, 0.8431603773584906, 0.8431603773584906, 0.8443396226415094, 0.8443396226415094, 0.8455188679245284, 0.8455188679245284, 0.8466981132075472, 0.8466981132075472, 0.847877358490566, 0.847877358490566, 0.8502358490566038, 0.8502358490566038, 0.8514150943396226, 0.8514150943396226, 0.8525943396226415, 0.8525943396226415, 0.8549528301886793, 0.8549528301886793, 0.8561320754716981, 0.8561320754716981, 0.8573113207547169, 0.8573113207547169, 0.8596698113207547, 0.8596698113207547, 0.8608490566037735, 0.8608490566037735, 0.8632075471698113, 0.8632075471698113, 0.8643867924528302, 0.8643867924528302, 0.8679245283018868, 0.8679245283018868, 0.8702830188679245, 0.8702830188679245, 0.8714622641509434, 0.8714622641509434, 0.8738207547169812, 0.8738207547169812, 0.8761792452830188, 0.8761792452830188, 0.8773584905660378, 0.8773584905660378, 0.8785377358490566, 0.8785377358490566, 0.8797169811320755, 0.8797169811320755, 0.8820754716981132, 0.8820754716981132, 0.8832547169811321, 0.8832547169811321, 0.8844339622641509, 0.8844339622641509, 0.8867924528301887, 0.8867924528301887, 0.8879716981132075, 0.8879716981132075, 0.8903301886792453, 0.8903301886792453, 0.8926886792452831, 0.8926886792452831, 0.8938679245283019, 0.8938679245283019, 0.8962264150943396, 0.8962264150943396, 0.8985849056603774, 0.8985849056603774, 0.8997641509433962, 0.8997641509433962, 0.9009433962264151, 0.9009433962264151, 0.9033018867924528, 0.9033018867924528, 0.9044811320754716, 0.9044811320754716, 0.9056603773584906, 0.9056603773584906, 0.9068396226415094, 0.9068396226415094, 0.910377358490566, 0.910377358490566, 0.9115566037735849, 0.9115566037735849, 0.9139150943396226, 0.9139150943396226, 0.9162735849056604, 0.9162735849056604, 0.9174528301886793, 0.9174528301886793, 0.9198113207547169, 0.9198113207547169, 0.9209905660377359, 0.9209905660377359, 0.9221698113207547, 0.9221698113207547, 0.9233490566037735, 0.9233490566037735, 0.9245283018867925, 0.9245283018867925, 0.9257075471698113, 0.9257075471698113, 0.9268867924528302, 0.9268867924528302, 0.9280660377358491, 0.9280660377358491, 0.9292452830188679, 0.9292452830188679, 0.9304245283018868, 0.9304245283018868, 0.9316037735849056, 0.9316037735849056, 0.9327830188679245, 0.9327830188679245, 0.9339622641509434, 0.9339622641509434, 0.9363207547169812, 0.9363207547169812, 0.9386792452830188, 0.9386792452830188, 0.9398584905660378, 0.9398584905660378, 0.9410377358490566, 0.9410377358490566, 0.9422169811320755, 0.9422169811320755, 0.9433962264150944, 0.9433962264150944, 0.9445754716981132, 0.9445754716981132, 0.9457547169811321, 0.9457547169811321, 0.9469339622641509, 0.9469339622641509, 0.9481132075471698, 0.9481132075471698, 0.9492924528301887, 0.9492924528301887, 0.9504716981132075, 0.9504716981132075, 0.9516509433962265, 0.9516509433962265, 0.9528301886792453, 0.9528301886792453, 0.9540094339622641, 0.9540094339622641, 0.9551886792452831, 0.9551886792452831, 0.9563679245283019, 0.9563679245283019, 0.9575471698113207, 0.9575471698113207, 0.9610849056603774, 0.9610849056603774, 0.9622641509433962, 0.9622641509433962, 0.964622641509434, 0.964622641509434, 0.9669811320754716, 0.9669811320754716, 0.9681603773584906, 0.9681603773584906, 0.9705188679245284, 0.9705188679245284, 0.9716981132075472, 0.9716981132075472, 0.972877358490566, 0.972877358490566, 0.9740566037735849, 0.9740566037735849, 0.9752358490566038, 0.9752358490566038, 0.9764150943396226, 0.9764150943396226, 0.9775943396226415, 0.9775943396226415, 0.9787735849056604, 0.9787735849056604, 0.9799528301886793, 0.9799528301886793, 0.9846698113207547, 0.9846698113207547, 0.9870283018867925, 0.9870283018867925, 0.9882075471698113, 0.9882075471698113, 0.9893867924528302, 0.9893867924528302, 0.9905660377358491, 0.9905660377358491, 0.9917452830188679, 0.9917452830188679, 0.9941037735849056, 0.9941037735849056, 0.9952830188679245, 0.9952830188679245, 0.9976415094339622, 0.9976415094339622, 1.0]
