Elo directories that script will process: ['1600-1700']
Compiling data for:  ./data/bins
Number of files: 103
Test first 5 files from X: ['./data/bins/1600-1700/X_chunk_332108_3.npy', './data/bins/1600-1700/X_chunk_116711_3.npy', './data/bins/1600-1700/X_chunk_868900_24.npy', './data/bins/1600-1700/X_chunk_78413_12.npy', './data/bins/1600-1700/X_chunk_185607_28.npy']
Test first 5 files from Y: ['./data/bins/1600-1700/y_chunk_332108_3.npy', './data/bins/1600-1700/y_chunk_116711_3.npy', './data/bins/1600-1700/y_chunk_868900_24.npy', './data/bins/1600-1700/y_chunk_78413_12.npy', './data/bins/1600-1700/y_chunk_185607_28.npy']
X shape:  (11335, 21)
Y shape:  (11335,)
CV scores:  [0.64314071 0.63078959 0.63828849 0.65372739 0.64093516]
Shape of X_train:  (9068, 21)
Shape of X_test:  (2267, 21)
Training accuracy:  0.6440229378032643
Test accuracy:  0.6426996029995589
Train prediction confusion matrix: 
 [[5154  400]
 [2828  686]]
Test prediction confusion matrix: 
 [[1309  120]
 [ 690  148]]
ROC AUC curve: 

FPR: [0.0, 0.0006997900629811056, 0.0013995801259622112, 0.0013995801259622112, 0.002099370188943317, 0.002099370188943317, 0.0027991602519244225, 0.0027991602519244225, 0.005598320503848845, 0.005598320503848845, 0.006298110566829951, 0.006298110566829951, 0.006997900629811057, 0.006997900629811057, 0.007697690692792162, 0.007697690692792162, 0.008397480755773267, 0.008397480755773267, 0.009097270818754374, 0.009097270818754374, 0.010496850944716585, 0.010496850944716585, 0.01119664100769769, 0.01119664100769769, 0.011896431070678797, 0.011896431070678797, 0.012596221133659902, 0.012596221133659902, 0.013296011196641007, 0.013296011196641007, 0.01469559132260322, 0.01469559132260322, 0.015395381385584325, 0.015395381385584325, 0.01609517144856543, 0.01609517144856543, 0.016794961511546535, 0.016794961511546535, 0.01749475157452764, 0.01749475157452764, 0.01819454163750875, 0.01819454163750875, 0.01959412176347096, 0.01959412176347096, 0.020293911826452064, 0.020293911826452064, 0.02099370188943317, 0.02099370188943317, 0.021693491952414275, 0.021693491952414275, 0.02239328201539538, 0.02239328201539538, 0.02309307207837649, 0.02309307207837649, 0.0244926522043387, 0.0244926522043387, 0.02589223233030091, 0.02589223233030091, 0.026592022393282014, 0.026592022393282014, 0.02799160251924423, 0.02799160251924423, 0.028691392582225334, 0.028691392582225334, 0.02939118264520644, 0.02939118264520644, 0.03498950314905528, 0.03498950314905528, 0.03778866340097971, 0.03778866340097971, 0.03848845346396081, 0.03848845346396081, 0.03918824352694192, 0.03918824352694192, 0.04058782365290413, 0.04058782365290413, 0.044086773967809655, 0.044086773967809655, 0.04618614415675298, 0.04618614415675298, 0.04828551434569629, 0.04828551434569629, 0.0489853044086774, 0.0489853044086774, 0.05108467459762071, 0.05108467459762071, 0.05178446466060182, 0.05178446466060182, 0.052484254723582924, 0.052484254723582924, 0.05318404478656403, 0.05318404478656403, 0.05458362491252624, 0.05458362491252624, 0.05878236529041288, 0.05878236529041288, 0.05948215535339398, 0.05948215535339398, 0.06018194541637509, 0.06018194541637509, 0.0615815255423373, 0.0615815255423373, 0.06438068579426172, 0.06438068579426172, 0.06508047585724283, 0.06508047585724283, 0.06578026592022393, 0.06578026592022393, 0.07137858642407278, 0.07137858642407278, 0.07207837648705388, 0.07207837648705388, 0.07907627711686493, 0.07907627711686493, 0.07977606717984605, 0.07977606717984605, 0.08047585724282715, 0.08047585724282715, 0.08327501749475158, 0.08327501749475158, 0.08467459762071379, 0.08467459762071379, 0.086074177746676, 0.086074177746676, 0.08817354793561931, 0.08817354793561931, 0.08957312806158152, 0.08957312806158152, 0.09027291812456263, 0.09027291812456263, 0.09097270818754374, 0.09097270818754374, 0.09237228831350595, 0.09237228831350595, 0.09307207837648705, 0.09307207837648705, 0.09377186843946816, 0.09377186843946816, 0.0979706088173548, 0.0979706088173548, 0.099370188943317, 0.099370188943317, 0.1000699790062981, 0.1000699790062981, 0.10146955913226033, 0.10146955913226033, 0.10496850944716585, 0.10496850944716585, 0.10566829951014696, 0.10566829951014696, 0.10776766969909027, 0.10776766969909027, 0.10986703988803359, 0.10986703988803359, 0.11056682995101469, 0.11056682995101469, 0.11196641007697691, 0.11196641007697691, 0.11966410076976906, 0.11966410076976906, 0.12036389083275018, 0.12036389083275018, 0.12106368089573127, 0.12106368089573127, 0.12176347095871239, 0.12176347095871239, 0.1231630510846746, 0.1231630510846746, 0.12526242127361792, 0.12526242127361792, 0.12736179146256124, 0.12736179146256124, 0.12806158152554234, 0.12806158152554234, 0.12876137158852344, 0.12876137158852344, 0.12946116165150454, 0.12946116165150454, 0.13226032190342898, 0.13226032190342898, 0.13365990202939118, 0.13365990202939118, 0.13435969209237228, 0.13435969209237228, 0.1350594821553534, 0.1350594821553534, 0.1364590622813156, 0.1364590622813156, 0.13785864240727783, 0.13785864240727783, 0.13925822253324002, 0.13925822253324002, 0.13995801259622112, 0.13995801259622112, 0.14065780265920225, 0.14065780265920225, 0.14135759272218335, 0.14135759272218335, 0.14205738278516444, 0.14205738278516444, 0.14345696291112667, 0.14345696291112667, 0.1469559132260322, 0.1469559132260322, 0.1483554933519944, 0.1483554933519944, 0.1497550734779566, 0.1497550734779566, 0.15115465360391883, 0.15115465360391883, 0.15185444366689993, 0.15185444366689993, 0.15255423372988103, 0.15255423372988103, 0.15465360391882435, 0.15465360391882435, 0.15605318404478657, 0.15605318404478657, 0.15675297410776767, 0.15675297410776767, 0.15745276417074877, 0.15745276417074877, 0.15815255423372987, 0.15815255423372987, 0.158852344296711, 0.158852344296711, 0.1602519244226732, 0.1602519244226732, 0.1609517144856543, 0.1609517144856543, 0.16165150454863542, 0.16165150454863542, 0.16794961511546536, 0.16794961511546536, 0.16934919524142758, 0.16934919524142758, 0.17004898530440868, 0.17004898530440868, 0.17074877536738978, 0.17074877536738978, 0.1728481455563331, 0.1728481455563331, 0.17564730580825752, 0.17564730580825752, 0.17844646606018194, 0.17844646606018194, 0.17914625612316304, 0.17914625612316304, 0.17984604618614417, 0.17984604618614417, 0.18054583624912526, 0.18054583624912526, 0.1819454163750875, 0.1819454163750875, 0.18404478656403078, 0.18404478656403078, 0.1847445766270119, 0.1847445766270119, 0.185444366689993, 0.185444366689993, 0.18824352694191743, 0.18824352694191743, 0.18894331700489853, 0.18894331700489853, 0.18964310706787962, 0.18964310706787962, 0.19034289713086075, 0.19034289713086075, 0.1959412176347096, 0.1959412176347096, 0.198740377886634, 0.198740377886634, 0.1994401679496151, 0.1994401679496151, 0.2001399580125962, 0.2001399580125962, 0.20153953813855843, 0.20153953813855843, 0.20223932820153953, 0.20223932820153953, 0.20293911826452066, 0.20293911826452066, 0.20363890832750176, 0.20363890832750176, 0.20573827851644508, 0.20573827851644508, 0.20643806857942618, 0.20643806857942618, 0.20713785864240727, 0.20713785864240727, 0.20783764870538837, 0.20783764870538837, 0.2106368089573128, 0.2106368089573128, 0.21133659902029392, 0.21133659902029392, 0.21343596920923724, 0.21343596920923724, 0.21483554933519944, 0.21483554933519944, 0.21623512946116166, 0.21623512946116166, 0.21903428971308608, 0.21903428971308608, 0.21973407977606718, 0.21973407977606718, 0.2225332400279916, 0.2225332400279916, 0.2232330300909727, 0.2232330300909727, 0.23023093072078377, 0.23023093072078377, 0.23792862141357593, 0.23792862141357593, 0.24002799160251925, 0.24002799160251925, 0.244926522043387, 0.244926522043387, 0.24842547235829252, 0.24842547235829252, 0.2491252624212736, 0.2491252624212736, 0.25122463261021694, 0.25122463261021694, 0.25192442267319803, 0.25192442267319803, 0.2575227431770469, 0.2575227431770469, 0.258222533240028, 0.258222533240028, 0.25892232330300907, 0.25892232330300907, 0.2603219034289713, 0.2603219034289713, 0.26522043386983907, 0.26522043386983907, 0.26731980405878236, 0.26731980405878236, 0.26801959412176346, 0.26801959412176346, 0.26941917424772566, 0.26941917424772566, 0.2701189643107068, 0.2701189643107068, 0.2708187543736879, 0.2708187543736879, 0.2722183344996501, 0.2722183344996501, 0.2729181245626312, 0.2729181245626312, 0.2743177046885934, 0.2743177046885934, 0.27851644506648005, 0.27851644506648005, 0.27921623512946114, 0.27921623512946114, 0.2806158152554234, 0.2806158152554234, 0.2820153953813856, 0.2820153953813856, 0.2841147655703289, 0.2841147655703289, 0.28551434569629114, 0.28551434569629114, 0.28621413575927224, 0.28621413575927224, 0.28691392582225334, 0.28691392582225334, 0.28831350594821553, 0.28831350594821553, 0.28901329601119663, 0.28901329601119663, 0.29111266620014, 0.29111266620014, 0.2960111966410077, 0.2960111966410077, 0.2967109867039888, 0.2967109867039888, 0.298110566829951, 0.298110566829951, 0.3002099370188943, 0.3002099370188943, 0.3009097270818754, 0.3009097270818754, 0.30160951714485656, 0.30160951714485656, 0.30370888733379986, 0.30370888733379986, 0.30510846745976206, 0.30510846745976206, 0.30580825752274315, 0.30580825752274315, 0.3079076277116865, 0.3079076277116865, 0.3086074177746676, 0.3086074177746676, 0.3100069979006298, 0.3100069979006298, 0.3107067879636109, 0.3107067879636109, 0.311406578026592, 0.311406578026592, 0.31560531840447864, 0.31560531840447864, 0.3191042687193842, 0.3191042687193842, 0.3205038488453464, 0.3205038488453464, 0.32330300909727083, 0.32330300909727083, 0.32470258922323303, 0.32470258922323303, 0.3254023792862141, 0.3254023792862141, 0.3296011196641008, 0.3296011196641008, 0.33030090972708187, 0.33030090972708187, 0.33240027991602517, 0.33240027991602517, 0.3351994401679496, 0.3351994401679496, 0.3358992302309307, 0.3358992302309307, 0.3372988103568929, 0.3372988103568929, 0.3435969209237229, 0.3435969209237229, 0.3463960811756473, 0.3463960811756473, 0.3470958712386284, 0.3470958712386284, 0.35059482155353394, 0.35059482155353394, 0.35129461161651504, 0.35129461161651504, 0.35269419174247724, 0.35269419174247724, 0.3554933519944017, 0.3554933519944017, 0.3568929321203639, 0.3568929321203639, 0.3582925122463261, 0.3582925122463261, 0.3631910426871938, 0.3631910426871938, 0.3645906228131561, 0.3645906228131561, 0.36668999300209937, 0.36668999300209937, 0.36808957312806156, 0.36808957312806156, 0.36878936319104266, 0.36878936319104266, 0.37508747375787266, 0.37508747375787266, 0.37578726382085376, 0.37578726382085376, 0.37858642407277815, 0.37858642407277815, 0.37928621413575925, 0.37928621413575925, 0.3806857942617215, 0.3806857942617215, 0.3813855843247026, 0.3813855843247026, 0.3834849545136459, 0.3834849545136459, 0.38488453463960814, 0.38488453463960814, 0.38558432470258924, 0.38558432470258924, 0.38698390482855144, 0.38698390482855144, 0.38908327501749473, 0.38908327501749473, 0.3911826452064381, 0.3911826452064381, 0.3932820153953814, 0.3932820153953814, 0.3960811756473058, 0.3960811756473058, 0.397480755773268, 0.397480755773268, 0.3995801259622113, 0.3995801259622113, 0.40307907627711687, 0.40307907627711687, 0.4065780265920224, 0.4065780265920224, 0.4072778166550035, 0.4072778166550035, 0.41217634709587125, 0.41217634709587125, 0.41567529741077675, 0.41567529741077675, 0.417074877536739, 0.417074877536739, 0.4177746675997201, 0.4177746675997201, 0.4191742477256823, 0.4191742477256823, 0.42197340797760674, 0.42197340797760674, 0.4268719384184745, 0.4268719384184745, 0.4275717284814556, 0.4275717284814556, 0.4282715185444367, 0.4282715185444367, 0.4310706787963611, 0.4310706787963611, 0.4352694191742477, 0.4352694191742477, 0.4366689993002099, 0.4366689993002099, 0.43806857942617217, 0.43806857942617217, 0.43946815955213436, 0.43946815955213436, 0.44086773967809656, 0.44086773967809656, 0.4429671098670399, 0.4429671098670399, 0.4443666899930021, 0.4443666899930021, 0.4450664800559832, 0.4450664800559832, 0.4457662701189643, 0.4457662701189643, 0.44786564030790765, 0.44786564030790765, 0.44856543037088875, 0.44856543037088875, 0.44926522043386985, 0.44926522043386985, 0.45136459062281314, 0.45136459062281314, 0.4541637508747376, 0.4541637508747376, 0.4548635409377187, 0.4548635409377187, 0.45836249125262424, 0.45836249125262424, 0.45906228131560534, 0.45906228131560534, 0.4632610216934919, 0.4632610216934919, 0.4667599720083975, 0.4667599720083975, 0.46745976207137857, 0.46745976207137857, 0.4688593421973408, 0.4688593421973408, 0.4695591322603219, 0.4695591322603219, 0.470258922323303, 0.470258922323303, 0.4709587123862841, 0.4709587123862841, 0.4723582925122463, 0.4723582925122463, 0.47515745276417076, 0.47515745276417076, 0.47655703289013296, 0.47655703289013296, 0.4842547235829251, 0.4842547235829251, 0.48495451364590625, 0.48495451364590625, 0.48705388383484954, 0.48705388383484954, 0.48775367389783064, 0.48775367389783064, 0.4933519944016795, 0.4933519944016795, 0.4947515745276417, 0.4947515745276417, 0.49545136459062283, 0.49545136459062283, 0.49615115465360393, 0.49615115465360393, 0.5003498950314905, 0.5003498950314905, 0.5010496850944717, 0.5010496850944717, 0.5017494751574527, 0.5017494751574527, 0.5038488453463961, 0.5038488453463961, 0.5059482155353394, 0.5059482155353394, 0.5066480055983205, 0.5066480055983205, 0.509447165850245, 0.509447165850245, 0.510146955913226, 0.510146955913226, 0.5108467459762072, 0.5108467459762072, 0.5115465360391882, 0.5115465360391882, 0.5122463261021694, 0.5122463261021694, 0.516445066480056, 0.516445066480056, 0.5171448565430371, 0.5171448565430371, 0.5185444366689993, 0.5185444366689993, 0.5192442267319805, 0.5192442267319805, 0.5241427571728482, 0.5241427571728482, 0.5255423372988104, 0.5255423372988104, 0.529741077676697, 0.529741077676697, 0.5325402379286214, 0.5325402379286214, 0.5332400279916025, 0.5332400279916025, 0.5346396081175647, 0.5346396081175647, 0.5360391882435269, 0.5360391882435269, 0.5367389783065081, 0.5367389783065081, 0.5374387683694891, 0.5374387683694891, 0.5395381385584325, 0.5395381385584325, 0.543037088873338, 0.543037088873338, 0.5437368789363191, 0.5437368789363191, 0.5465360391882436, 0.5465360391882436, 0.549335199440168, 0.549335199440168, 0.5500349895031491, 0.5500349895031491, 0.5514345696291113, 0.5514345696291113, 0.5549335199440167, 0.5549335199440167, 0.5598320503848845, 0.5598320503848845, 0.5605318404478656, 0.5605318404478656, 0.5675297410776767, 0.5675297410776767, 0.5682295311406578, 0.5682295311406578, 0.5689293212036389, 0.5689293212036389, 0.5703289013296011, 0.5703289013296011, 0.5745276417074877, 0.5745276417074877, 0.5787263820853744, 0.5787263820853744, 0.58222533240028, 0.58222533240028, 0.5843247025892232, 0.5843247025892232, 0.5850244926522044, 0.5850244926522044, 0.5857242827151854, 0.5857242827151854, 0.5871238628411477, 0.5871238628411477, 0.5885234429671099, 0.5885234429671099, 0.5906228131560531, 0.5906228131560531, 0.5934219734079776, 0.5934219734079776, 0.602519244226732, 0.602519244226732, 0.6032190342897131, 0.6032190342897131, 0.6046186144156753, 0.6046186144156753, 0.6074177746675997, 0.6074177746675997, 0.6081175647305809, 0.6081175647305809, 0.6088173547935619, 0.6088173547935619, 0.6130160951714486, 0.6130160951714486, 0.616515045486354, 0.616515045486354, 0.6172148355493352, 0.6172148355493352, 0.6193142057382786, 0.6193142057382786, 0.6200139958012596, 0.6200139958012596, 0.622813156053184, 0.622813156053184, 0.6277116864940517, 0.6277116864940517, 0.6284114765570329, 0.6284114765570329, 0.6298110566829951, 0.6298110566829951, 0.6326102169349195, 0.6326102169349195, 0.6340097970608818, 0.6340097970608818, 0.635409377186844, 0.635409377186844, 0.636109167249825, 0.636109167249825, 0.6368089573128062, 0.6368089573128062, 0.6403079076277117, 0.6403079076277117, 0.6431070678796361, 0.6431070678796361, 0.6452064380685795, 0.6452064380685795, 0.6501049685094472, 0.6501049685094472, 0.6508047585724283, 0.6508047585724283, 0.6515045486354094, 0.6515045486354094, 0.6536039188243526, 0.6536039188243526, 0.6592022393282015, 0.6592022393282015, 0.6662001399580126, 0.6662001399580126, 0.6675997200839748, 0.6675997200839748, 0.6724982505248426, 0.6724982505248426, 0.6731980405878236, 0.6731980405878236, 0.6738978306508048, 0.6738978306508048, 0.6759972008397481, 0.6759972008397481, 0.6773967809657103, 0.6773967809657103, 0.6787963610916725, 0.6787963610916725, 0.6850944716585025, 0.6850944716585025, 0.6857942617214835, 0.6857942617214835, 0.6913925822253324, 0.6913925822253324, 0.6927921623512946, 0.6927921623512946, 0.6948915325402379, 0.6948915325402379, 0.6962911126662001, 0.6962911126662001, 0.6969909027291813, 0.6969909027291813, 0.7011896431070679, 0.7011896431070679, 0.701889433170049, 0.701889433170049, 0.7060881735479356, 0.7060881735479356, 0.7067879636109167, 0.7067879636109167, 0.7074877536738978, 0.7074877536738978, 0.708187543736879, 0.708187543736879, 0.70888733379986, 0.70888733379986, 0.7109867039888034, 0.7109867039888034, 0.7144856543037089, 0.7144856543037089, 0.71518544436669, 0.71518544436669, 0.728481455563331, 0.728481455563331, 0.7319804058782365, 0.7319804058782365, 0.7354793561931421, 0.7354793561931421, 0.7389783065080476, 0.7389783065080476, 0.7424772568229531, 0.7424772568229531, 0.7459762071378586, 0.7459762071378586, 0.748075577326802, 0.748075577326802, 0.7522743177046886, 0.7522743177046886, 0.7543736878936319, 0.7543736878936319, 0.7578726382085375, 0.7578726382085375, 0.7599720083974808, 0.7599720083974808, 0.7627711686494052, 0.7627711686494052, 0.7641707487753674, 0.7641707487753674, 0.7669699090272918, 0.7669699090272918, 0.7676696990902729, 0.7676696990902729, 0.7690692792162351, 0.7690692792162351, 0.7704688593421973, 0.7704688593421973, 0.7711686494051785, 0.7711686494051785, 0.7718684394681595, 0.7718684394681595, 0.7746675997200839, 0.7746675997200839, 0.7753673897830651, 0.7753673897830651, 0.7760671798460462, 0.7760671798460462, 0.7830650804758572, 0.7830650804758572, 0.7851644506648006, 0.7851644506648006, 0.787963610916725, 0.787963610916725, 0.7886634009797061, 0.7886634009797061, 0.7914625612316305, 0.7914625612316305, 0.7935619314205739, 0.7935619314205739, 0.7977606717984604, 0.7977606717984604, 0.7998600419874038, 0.7998600419874038, 0.8033589923023093, 0.8033589923023093, 0.8054583624912526, 0.8054583624912526, 0.8082575227431771, 0.8082575227431771, 0.8089573128061581, 0.8089573128061581, 0.8103568929321203, 0.8103568929321203, 0.8110566829951015, 0.8110566829951015, 0.8138558432470259, 0.8138558432470259, 0.8173547935619314, 0.8173547935619314, 0.8187543736878936, 0.8187543736878936, 0.8201539538138558, 0.8201539538138558, 0.8229531140657803, 0.8229531140657803, 0.8236529041287614, 0.8236529041287614, 0.8250524842547236, 0.8250524842547236, 0.827851644506648, 0.827851644506648, 0.8313505948215535, 0.8313505948215535, 0.8327501749475158, 0.8327501749475158, 0.8369489153254024, 0.8369489153254024, 0.8390482855143457, 0.8390482855143457, 0.8397480755773268, 0.8397480755773268, 0.841147655703289, 0.841147655703289, 0.8432470258922323, 0.8432470258922323, 0.8446466060181945, 0.8446466060181945, 0.8488453463960812, 0.8488453463960812, 0.8502449265220434, 0.8502449265220434, 0.8509447165850245, 0.8509447165850245, 0.8516445066480056, 0.8516445066480056, 0.8530440867739678, 0.8530440867739678, 0.8586424072778167, 0.8586424072778167, 0.8600419874037789, 0.8600419874037789, 0.8628411476557033, 0.8628411476557033, 0.8649405178446467, 0.8649405178446467, 0.8656403079076277, 0.8656403079076277, 0.8670398880335899, 0.8670398880335899, 0.8698390482855144, 0.8698390482855144, 0.8705388383484954, 0.8705388383484954, 0.8726382085374388, 0.8726382085374388, 0.8747375787263821, 0.8747375787263821, 0.8754373687893632, 0.8754373687893632, 0.8782365290412876, 0.8782365290412876, 0.8817354793561931, 0.8817354793561931, 0.8824352694191743, 0.8824352694191743, 0.8831350594821553, 0.8831350594821553, 0.8838348495451365, 0.8838348495451365, 0.8852344296710987, 0.8852344296710987, 0.8887333799860042, 0.8887333799860042, 0.8901329601119664, 0.8901329601119664, 0.893631910426872, 0.893631910426872, 0.8978306508047585, 0.8978306508047585, 0.8999300209937019, 0.8999300209937019, 0.9041287613715885, 0.9041287613715885, 0.9104268719384184, 0.9104268719384184, 0.9111266620013996, 0.9111266620013996, 0.9125262421273618, 0.9125262421273618, 0.913925822253324, 0.913925822253324, 0.9153254023792862, 0.9153254023792862, 0.9160251924422673, 0.9160251924422673, 0.9174247725682295, 0.9174247725682295, 0.9188243526941917, 0.9188243526941917, 0.9195241427571729, 0.9195241427571729, 0.9209237228831351, 0.9209237228831351, 0.9230230930720784, 0.9230230930720784, 0.9293212036389084, 0.9293212036389084, 0.9300209937018894, 0.9300209937018894, 0.9321203638908327, 0.9321203638908327, 0.9377186843946816, 0.9377186843946816, 0.9384184744576627, 0.9384184744576627, 0.9391182645206438, 0.9391182645206438, 0.9412176347095871, 0.9412176347095871, 0.9419174247725682, 0.9419174247725682, 0.9433170048985304, 0.9433170048985304, 0.9447165850244926, 0.9447165850244926, 0.9454163750874738, 0.9454163750874738, 0.9461161651504548, 0.9461161651504548, 0.946815955213436, 0.946815955213436, 0.947515745276417, 0.947515745276417, 0.9510146955913226, 0.9510146955913226, 0.9538138558432471, 0.9538138558432471, 0.9545136459062281, 0.9545136459062281, 0.9580125962211337, 0.9580125962211337, 0.9587123862841148, 0.9587123862841148, 0.960811756473058, 0.960811756473058, 0.9615115465360392, 0.9615115465360392, 0.9622113365990203, 0.9622113365990203, 0.9629111266620014, 0.9629111266620014, 0.9685094471658502, 0.9685094471658502, 0.9692092372288313, 0.9692092372288313, 0.9713086074177747, 0.9713086074177747, 0.9741077676696991, 0.9741077676696991, 0.9776067179846046, 0.9776067179846046, 0.9811056682995102, 0.9811056682995102, 0.9818054583624912, 0.9818054583624912, 0.9825052484254724, 0.9825052484254724, 0.9832050384884534, 0.9832050384884534, 0.9895031490552834, 0.9895031490552834, 0.9902029391182645, 0.9902029391182645, 0.9930020993701889, 0.9930020993701889, 0.9937018894331701, 0.9937018894331701, 0.9958012596221134, 0.9958012596221134, 0.9965010496850945, 0.9965010496850945, 1.0]
TPR: [0.0, 0.0, 0.0, 0.003579952267303103, 0.003579952267303103, 0.00477326968973747, 0.00477326968973747, 0.013126491646778043, 0.013126491646778043, 0.015513126491646777, 0.015513126491646777, 0.01909307875894988, 0.01909307875894988, 0.02028639618138425, 0.02028639618138425, 0.022673031026252982, 0.022673031026252982, 0.03341288782816229, 0.03341288782816229, 0.03699284009546539, 0.03699284009546539, 0.03818615751789976, 0.03818615751789976, 0.05489260143198091, 0.05489260143198091, 0.05847255369928401, 0.05847255369928401, 0.059665871121718374, 0.059665871121718374, 0.06682577565632458, 0.06682577565632458, 0.06801909307875895, 0.06801909307875895, 0.07159904534606205, 0.07159904534606205, 0.07279236276849642, 0.07279236276849642, 0.07637231503579953, 0.07637231503579953, 0.07756563245823389, 0.07756563245823389, 0.08233890214797136, 0.08233890214797136, 0.0883054892601432, 0.0883054892601432, 0.09307875894988067, 0.09307875894988067, 0.09665871121718377, 0.09665871121718377, 0.09904534606205251, 0.09904534606205251, 0.10143198090692124, 0.10143198090692124, 0.1026252983293556, 0.1026252983293556, 0.10620525059665871, 0.10620525059665871, 0.10978520286396182, 0.10978520286396182, 0.11217183770883055, 0.11217183770883055, 0.11336515513126491, 0.11336515513126491, 0.11455847255369929, 0.11455847255369929, 0.11575178997613365, 0.11575178997613365, 0.11694510739856802, 0.11694510739856802, 0.11933174224343675, 0.11933174224343675, 0.12529832935560858, 0.12529832935560858, 0.13007159904534607, 0.13007159904534607, 0.13484486873508353, 0.13484486873508353, 0.1360381861575179, 0.1360381861575179, 0.13723150357995226, 0.13723150357995226, 0.13842482100238662, 0.13842482100238662, 0.14439140811455847, 0.14439140811455847, 0.14558472553699284, 0.14558472553699284, 0.14916467780429593, 0.14916467780429593, 0.15035799522673032, 0.15035799522673032, 0.1515513126491647, 0.1515513126491647, 0.15274463007159905, 0.15274463007159905, 0.15632458233890215, 0.15632458233890215, 0.1575178997613365, 0.1575178997613365, 0.15871121718377088, 0.15871121718377088, 0.15990453460620524, 0.15990453460620524, 0.162291169451074, 0.162291169451074, 0.16467780429594273, 0.16467780429594273, 0.1658711217183771, 0.1658711217183771, 0.16825775656324582, 0.16825775656324582, 0.17064439140811455, 0.17064439140811455, 0.1718377088305489, 0.1718377088305489, 0.17422434367541767, 0.17422434367541767, 0.17541766109785203, 0.17541766109785203, 0.1766109785202864, 0.1766109785202864, 0.17780429594272076, 0.17780429594272076, 0.17899761336515513, 0.17899761336515513, 0.1801909307875895, 0.1801909307875895, 0.18138424821002386, 0.18138424821002386, 0.18257756563245822, 0.18257756563245822, 0.18377088305489261, 0.18377088305489261, 0.18615751789976134, 0.18615751789976134, 0.18973747016706444, 0.18973747016706444, 0.1909307875894988, 0.1909307875894988, 0.19212410501193317, 0.19212410501193317, 0.19451073985680192, 0.19451073985680192, 0.1957040572792363, 0.1957040572792363, 0.19689737470167065, 0.19689737470167065, 0.19928400954653938, 0.19928400954653938, 0.20286396181384247, 0.20286396181384247, 0.2064439140811456, 0.2064439140811456, 0.20883054892601433, 0.20883054892601433, 0.21121718377088305, 0.21121718377088305, 0.2171837708830549, 0.2171837708830549, 0.21957040572792363, 0.21957040572792363, 0.220763723150358, 0.220763723150358, 0.2243436754176611, 0.2243436754176611, 0.22553699284009546, 0.22553699284009546, 0.2315035799522673, 0.2315035799522673, 0.23389021479713604, 0.23389021479713604, 0.23747016706443913, 0.23747016706443913, 0.2398568019093079, 0.2398568019093079, 0.24105011933174225, 0.24105011933174225, 0.24224343675417662, 0.24224343675417662, 0.24343675417661098, 0.24343675417661098, 0.24463007159904535, 0.24463007159904535, 0.2458233890214797, 0.2458233890214797, 0.24701670644391407, 0.24701670644391407, 0.2494033412887828, 0.2494033412887828, 0.25059665871121717, 0.25059665871121717, 0.2529832935560859, 0.2529832935560859, 0.256563245823389, 0.256563245823389, 0.2613365155131265, 0.2613365155131265, 0.2637231503579952, 0.2637231503579952, 0.2649164677804296, 0.2649164677804296, 0.26610978520286394, 0.26610978520286394, 0.2684964200477327, 0.2684964200477327, 0.26968973747016706, 0.26968973747016706, 0.27088305489260145, 0.27088305489260145, 0.2744630071599045, 0.2744630071599045, 0.27684964200477324, 0.27684964200477324, 0.27804295942720764, 0.27804295942720764, 0.27923627684964203, 0.27923627684964203, 0.28162291169451076, 0.28162291169451076, 0.2828162291169451, 0.2828162291169451, 0.2863961813842482, 0.2863961813842482, 0.28878281622911695, 0.28878281622911695, 0.28997613365155134, 0.28997613365155134, 0.2911694510739857, 0.2911694510739857, 0.29236276849642007, 0.29236276849642007, 0.2947494033412888, 0.2947494033412888, 0.29594272076372313, 0.29594272076372313, 0.29832935560859186, 0.29832935560859186, 0.301909307875895, 0.301909307875895, 0.3031026252983294, 0.3031026252983294, 0.3054892601431981, 0.3054892601431981, 0.30668257756563244, 0.30668257756563244, 0.30787589498806683, 0.30787589498806683, 0.30906921241050117, 0.30906921241050117, 0.31026252983293556, 0.31026252983293556, 0.3126491646778043, 0.3126491646778043, 0.3138424821002387, 0.3138424821002387, 0.315035799522673, 0.315035799522673, 0.3162291169451074, 0.3162291169451074, 0.31742243436754175, 0.31742243436754175, 0.31861575178997614, 0.31861575178997614, 0.3198090692124105, 0.3198090692124105, 0.324582338902148, 0.324582338902148, 0.32577565632458233, 0.32577565632458233, 0.32816229116945106, 0.32816229116945106, 0.32935560859188545, 0.32935560859188545, 0.3317422434367542, 0.3317422434367542, 0.3329355608591885, 0.3329355608591885, 0.33651551312649164, 0.33651551312649164, 0.33770883054892603, 0.33770883054892603, 0.33890214797136037, 0.33890214797136037, 0.3424821002386635, 0.3424821002386635, 0.3436754176610978, 0.3436754176610978, 0.3448687350835322, 0.3448687350835322, 0.34725536992840095, 0.34725536992840095, 0.3496420047732697, 0.3496420047732697, 0.35083532219570407, 0.35083532219570407, 0.3520286396181384, 0.3520286396181384, 0.3532219570405728, 0.3532219570405728, 0.35441527446300713, 0.35441527446300713, 0.3556085918854415, 0.3556085918854415, 0.3568019093078759, 0.3568019093078759, 0.35918854415274465, 0.35918854415274465, 0.360381861575179, 0.360381861575179, 0.3615751789976134, 0.3615751789976134, 0.3639618138424821, 0.3639618138424821, 0.36515513126491644, 0.36515513126491644, 0.36754176610978523, 0.36754176610978523, 0.36873508353221957, 0.36873508353221957, 0.36992840095465396, 0.36992840095465396, 0.373508353221957, 0.373508353221957, 0.37708830548926014, 0.37708830548926014, 0.37828162291169454, 0.37828162291169454, 0.3794749403341289, 0.3794749403341289, 0.38066825775656327, 0.38066825775656327, 0.3818615751789976, 0.3818615751789976, 0.383054892601432, 0.383054892601432, 0.3854415274463007, 0.3854415274463007, 0.38663484486873506, 0.38663484486873506, 0.38782816229116945, 0.38782816229116945, 0.3914081145584726, 0.3914081145584726, 0.3926014319809069, 0.3926014319809069, 0.3937947494033413, 0.3937947494033413, 0.39498806682577564, 0.39498806682577564, 0.39618138424821003, 0.39618138424821003, 0.39737470167064437, 0.39737470167064437, 0.3997613365155131, 0.3997613365155131, 0.4009546539379475, 0.4009546539379475, 0.4021479713603819, 0.4021479713603819, 0.4033412887828162, 0.4033412887828162, 0.40692124105011934, 0.40692124105011934, 0.4081145584725537, 0.4081145584725537, 0.4116945107398568, 0.4116945107398568, 0.4128878281622912, 0.4128878281622912, 0.41408114558472553, 0.41408114558472553, 0.41646778042959426, 0.41646778042959426, 0.41766109785202865, 0.41766109785202865, 0.418854415274463, 0.418854415274463, 0.4200477326968974, 0.4200477326968974, 0.4212410501193317, 0.4212410501193317, 0.4224343675417661, 0.4224343675417661, 0.4236276849642005, 0.4236276849642005, 0.42720763723150357, 0.42720763723150357, 0.42840095465393796, 0.42840095465393796, 0.4295942720763723, 0.4295942720763723, 0.4307875894988067, 0.4307875894988067, 0.43556085918854415, 0.43556085918854415, 0.43675417661097854, 0.43675417661097854, 0.4379474940334129, 0.4379474940334129, 0.4403341288782816, 0.4403341288782816, 0.441527446300716, 0.441527446300716, 0.44272076372315033, 0.44272076372315033, 0.4439140811455847, 0.4439140811455847, 0.4451073985680191, 0.4451073985680191, 0.44749403341288785, 0.44749403341288785, 0.4486873508353222, 0.4486873508353222, 0.4510739856801909, 0.4510739856801909, 0.45346062052505964, 0.45346062052505964, 0.45584725536992843, 0.45584725536992843, 0.45823389021479716, 0.45823389021479716, 0.4594272076372315, 0.4594272076372315, 0.4618138424821002, 0.4618138424821002, 0.46420047732696895, 0.46420047732696895, 0.46539379474940334, 0.46539379474940334, 0.4701670644391408, 0.4701670644391408, 0.47255369928400953, 0.47255369928400953, 0.47494033412887826, 0.47494033412887826, 0.47613365155131265, 0.47613365155131265, 0.477326968973747, 0.477326968973747, 0.4785202863961814, 0.4785202863961814, 0.4797136038186158, 0.4797136038186158, 0.4821002386634845, 0.4821002386634845, 0.48329355608591884, 0.48329355608591884, 0.48448687350835323, 0.48448687350835323, 0.48568019093078757, 0.48568019093078757, 0.48687350835322196, 0.48687350835322196, 0.4880668257756563, 0.4880668257756563, 0.4892601431980907, 0.4892601431980907, 0.4916467780429594, 0.4916467780429594, 0.4928400954653938, 0.4928400954653938, 0.49403341288782815, 0.49403341288782815, 0.49522673031026254, 0.49522673031026254, 0.4964200477326969, 0.4964200477326969, 0.49761336515513127, 0.49761336515513127, 0.4988066825775656, 0.4988066825775656, 0.5023866348448688, 0.5023866348448688, 0.5083532219570406, 0.5083532219570406, 0.5095465393794749, 0.5095465393794749, 0.5107398568019093, 0.5107398568019093, 0.5119331742243437, 0.5119331742243437, 0.513126491646778, 0.513126491646778, 0.5143198090692124, 0.5143198090692124, 0.5155131264916468, 0.5155131264916468, 0.5167064439140812, 0.5167064439140812, 0.5178997613365155, 0.5178997613365155, 0.5214797136038186, 0.5214797136038186, 0.522673031026253, 0.522673031026253, 0.5250596658711217, 0.5250596658711217, 0.5274463007159904, 0.5274463007159904, 0.5286396181384249, 0.5286396181384249, 0.5298329355608592, 0.5298329355608592, 0.5322195704057279, 0.5322195704057279, 0.5346062052505967, 0.5346062052505967, 0.5369928400954654, 0.5369928400954654, 0.5417661097852029, 0.5417661097852029, 0.545346062052506, 0.545346062052506, 0.5477326968973747, 0.5477326968973747, 0.548926014319809, 0.548926014319809, 0.5536992840095465, 0.5536992840095465, 0.5548926014319809, 0.5548926014319809, 0.5560859188544153, 0.5560859188544153, 0.5572792362768496, 0.5572792362768496, 0.5584725536992841, 0.5584725536992841, 0.5596658711217184, 0.5596658711217184, 0.5608591885441527, 0.5608591885441527, 0.5620525059665871, 0.5620525059665871, 0.5632458233890215, 0.5632458233890215, 0.5656324582338902, 0.5656324582338902, 0.5668257756563246, 0.5668257756563246, 0.5704057279236276, 0.5704057279236276, 0.5715990453460621, 0.5715990453460621, 0.5727923627684964, 0.5727923627684964, 0.5739856801909308, 0.5739856801909308, 0.5751789976133651, 0.5751789976133651, 0.5775656324582339, 0.5775656324582339, 0.5787589498806682, 0.5787589498806682, 0.581145584725537, 0.581145584725537, 0.5847255369928401, 0.5847255369928401, 0.5883054892601431, 0.5883054892601431, 0.5906921241050119, 0.5906921241050119, 0.5918854415274463, 0.5918854415274463, 0.5954653937947494, 0.5954653937947494, 0.5966587112171837, 0.5966587112171837, 0.5978520286396182, 0.5978520286396182, 0.5990453460620525, 0.5990453460620525, 0.6002386634844868, 0.6002386634844868, 0.6014319809069213, 0.6014319809069213, 0.6026252983293556, 0.6026252983293556, 0.6050119331742243, 0.6050119331742243, 0.6062052505966588, 0.6062052505966588, 0.6073985680190931, 0.6073985680190931, 0.6097852028639618, 0.6097852028639618, 0.6133651551312649, 0.6133651551312649, 0.6145584725536993, 0.6145584725536993, 0.6157517899761337, 0.6157517899761337, 0.6205250596658711, 0.6205250596658711, 0.6217183770883055, 0.6217183770883055, 0.6229116945107399, 0.6229116945107399, 0.6241050119331742, 0.6241050119331742, 0.6276849642004774, 0.6276849642004774, 0.6288782816229117, 0.6288782816229117, 0.6312649164677804, 0.6312649164677804, 0.6324582338902148, 0.6324582338902148, 0.6336515513126492, 0.6336515513126492, 0.636038186157518, 0.636038186157518, 0.6384248210023866, 0.6384248210023866, 0.639618138424821, 0.639618138424821, 0.6420047732696897, 0.6420047732696897, 0.6431980906921241, 0.6431980906921241, 0.6443914081145584, 0.6443914081145584, 0.6455847255369929, 0.6455847255369929, 0.6479713603818615, 0.6479713603818615, 0.6515513126491647, 0.6515513126491647, 0.652744630071599, 0.652744630071599, 0.6539379474940334, 0.6539379474940334, 0.6551312649164678, 0.6551312649164678, 0.6587112171837709, 0.6587112171837709, 0.6599045346062052, 0.6599045346062052, 0.6610978520286396, 0.6610978520286396, 0.662291169451074, 0.662291169451074, 0.6634844868735084, 0.6634844868735084, 0.6646778042959427, 0.6646778042959427, 0.665871121718377, 0.665871121718377, 0.6670644391408115, 0.6670644391408115, 0.6682577565632458, 0.6682577565632458, 0.6694510739856802, 0.6694510739856802, 0.6706443914081146, 0.6706443914081146, 0.6718377088305489, 0.6718377088305489, 0.6730310262529833, 0.6730310262529833, 0.6754176610978521, 0.6754176610978521, 0.6778042959427207, 0.6778042959427207, 0.6789976133651552, 0.6789976133651552, 0.6813842482100239, 0.6813842482100239, 0.6837708830548926, 0.6837708830548926, 0.6885441527446301, 0.6885441527446301, 0.6909307875894988, 0.6909307875894988, 0.6921241050119332, 0.6921241050119332, 0.6933174224343676, 0.6933174224343676, 0.6945107398568019, 0.6945107398568019, 0.6957040572792362, 0.6957040572792362, 0.6992840095465394, 0.6992840095465394, 0.7016706443914081, 0.7016706443914081, 0.7028639618138425, 0.7028639618138425, 0.7040572792362768, 0.7040572792362768, 0.7052505966587113, 0.7052505966587113, 0.7064439140811456, 0.7064439140811456, 0.7100238663484487, 0.7100238663484487, 0.711217183770883, 0.711217183770883, 0.7124105011933174, 0.7124105011933174, 0.7147971360381862, 0.7147971360381862, 0.7159904534606205, 0.7159904534606205, 0.7171837708830548, 0.7171837708830548, 0.7183770883054893, 0.7183770883054893, 0.7195704057279236, 0.7195704057279236, 0.720763723150358, 0.720763723150358, 0.7219570405727923, 0.7219570405727923, 0.7243436754176611, 0.7243436754176611, 0.7255369928400954, 0.7255369928400954, 0.7267303102625299, 0.7267303102625299, 0.7279236276849642, 0.7279236276849642, 0.7291169451073986, 0.7291169451073986, 0.7303102625298329, 0.7303102625298329, 0.7315035799522673, 0.7315035799522673, 0.733890214797136, 0.733890214797136, 0.7350835322195705, 0.7350835322195705, 0.7374701670644391, 0.7374701670644391, 0.7386634844868735, 0.7386634844868735, 0.7410501193317423, 0.7410501193317423, 0.7422434367541766, 0.7422434367541766, 0.7434367541766109, 0.7434367541766109, 0.7446300715990454, 0.7446300715990454, 0.7458233890214797, 0.7458233890214797, 0.747016706443914, 0.747016706443914, 0.7482100238663485, 0.7482100238663485, 0.7494033412887828, 0.7494033412887828, 0.7505966587112172, 0.7505966587112172, 0.752983293556086, 0.752983293556086, 0.7541766109785203, 0.7541766109785203, 0.7553699284009546, 0.7553699284009546, 0.7589498806682577, 0.7589498806682577, 0.7601431980906921, 0.7601431980906921, 0.7613365155131265, 0.7613365155131265, 0.7637231503579952, 0.7637231503579952, 0.7649164677804295, 0.7649164677804295, 0.7673031026252983, 0.7673031026252983, 0.7684964200477327, 0.7684964200477327, 0.7696897374701671, 0.7696897374701671, 0.7708830548926014, 0.7708830548926014, 0.7720763723150358, 0.7720763723150358, 0.7732696897374701, 0.7732696897374701, 0.7756563245823389, 0.7756563245823389, 0.7768496420047732, 0.7768496420047732, 0.7780429594272077, 0.7780429594272077, 0.7804295942720764, 0.7804295942720764, 0.7816229116945107, 0.7816229116945107, 0.7828162291169452, 0.7828162291169452, 0.7840095465393795, 0.7840095465393795, 0.7863961813842482, 0.7863961813842482, 0.7875894988066826, 0.7875894988066826, 0.7899761336515513, 0.7899761336515513, 0.7911694510739857, 0.7911694510739857, 0.7923627684964201, 0.7923627684964201, 0.7971360381861575, 0.7971360381861575, 0.8007159904534606, 0.8007159904534606, 0.8042959427207638, 0.8042959427207638, 0.8066825775656324, 0.8066825775656324, 0.8090692124105012, 0.8090692124105012, 0.8102625298329356, 0.8102625298329356, 0.8114558472553699, 0.8114558472553699, 0.8126491646778043, 0.8126491646778043, 0.8138424821002387, 0.8138424821002387, 0.815035799522673, 0.815035799522673, 0.8174224343675418, 0.8174224343675418, 0.8186157517899761, 0.8186157517899761, 0.8198090692124105, 0.8198090692124105, 0.8233890214797136, 0.8233890214797136, 0.8257756563245824, 0.8257756563245824, 0.8269689737470167, 0.8269689737470167, 0.8305489260143198, 0.8305489260143198, 0.834128878281623, 0.834128878281623, 0.8365155131264916, 0.8365155131264916, 0.8389021479713604, 0.8389021479713604, 0.8400954653937948, 0.8400954653937948, 0.8424821002386634, 0.8424821002386634, 0.8436754176610979, 0.8436754176610979, 0.847255369928401, 0.847255369928401, 0.8484486873508353, 0.8484486873508353, 0.8496420047732697, 0.8496420047732697, 0.850835322195704, 0.850835322195704, 0.8520286396181385, 0.8520286396181385, 0.8532219570405728, 0.8532219570405728, 0.8544152744630071, 0.8544152744630071, 0.8556085918854416, 0.8556085918854416, 0.8568019093078759, 0.8568019093078759, 0.8579952267303103, 0.8579952267303103, 0.8591885441527446, 0.8591885441527446, 0.860381861575179, 0.860381861575179, 0.8615751789976134, 0.8615751789976134, 0.8627684964200477, 0.8627684964200477, 0.863961813842482, 0.863961813842482, 0.8651551312649165, 0.8651551312649165, 0.8663484486873508, 0.8663484486873508, 0.8687350835322196, 0.8687350835322196, 0.8711217183770883, 0.8711217183770883, 0.8723150357995226, 0.8723150357995226, 0.8735083532219571, 0.8735083532219571, 0.8770883054892601, 0.8770883054892601, 0.8782816229116945, 0.8782816229116945, 0.8794749403341289, 0.8794749403341289, 0.8818615751789977, 0.8818615751789977, 0.883054892601432, 0.883054892601432, 0.8842482100238663, 0.8842482100238663, 0.8866348448687351, 0.8866348448687351, 0.8878281622911695, 0.8878281622911695, 0.8890214797136038, 0.8890214797136038, 0.8902147971360382, 0.8902147971360382, 0.8937947494033412, 0.8937947494033412, 0.8949880668257757, 0.8949880668257757, 0.8973747016706444, 0.8973747016706444, 0.9009546539379475, 0.9009546539379475, 0.9021479713603818, 0.9021479713603818, 0.9033412887828163, 0.9033412887828163, 0.905727923627685, 0.905727923627685, 0.9069212410501193, 0.9069212410501193, 0.9081145584725537, 0.9081145584725537, 0.9105011933174224, 0.9105011933174224, 0.9128878281622912, 0.9128878281622912, 0.9140811455847255, 0.9140811455847255, 0.9152744630071599, 0.9152744630071599, 0.9164677804295943, 0.9164677804295943, 0.9176610978520287, 0.9176610978520287, 0.918854415274463, 0.918854415274463, 0.9200477326968973, 0.9200477326968973, 0.9212410501193318, 0.9212410501193318, 0.9236276849642004, 0.9236276849642004, 0.9248210023866349, 0.9248210023866349, 0.9260143198090692, 0.9260143198090692, 0.9284009546539379, 0.9284009546539379, 0.9295942720763724, 0.9295942720763724, 0.9307875894988067, 0.9307875894988067, 0.931980906921241, 0.931980906921241, 0.9343675417661098, 0.9343675417661098, 0.9355608591885441, 0.9355608591885441, 0.9391408114558473, 0.9391408114558473, 0.9415274463007159, 0.9415274463007159, 0.9427207637231504, 0.9427207637231504, 0.9439140811455847, 0.9439140811455847, 0.9463007159904535, 0.9463007159904535, 0.9474940334128878, 0.9474940334128878, 0.9486873508353222, 0.9486873508353222, 0.9498806682577565, 0.9498806682577565, 0.9522673031026253, 0.9522673031026253, 0.9534606205250596, 0.9534606205250596, 0.954653937947494, 0.954653937947494, 0.9558472553699284, 0.9558472553699284, 0.9570405727923628, 0.9570405727923628, 0.9582338902147971, 0.9582338902147971, 0.9594272076372315, 0.9594272076372315, 0.9606205250596659, 0.9606205250596659, 0.9630071599045346, 0.9630071599045346, 0.964200477326969, 0.964200477326969, 0.9653937947494033, 0.9653937947494033, 0.9665871121718377, 0.9665871121718377, 0.9677804295942721, 0.9677804295942721, 0.9725536992840096, 0.9725536992840096, 0.9749403341288783, 0.9749403341288783, 0.9761336515513126, 0.9761336515513126, 0.9809069212410502, 0.9809069212410502, 0.9821002386634845, 0.9821002386634845, 0.9844868735083532, 0.9844868735083532, 0.9856801909307876, 0.9856801909307876, 0.986873508353222, 0.986873508353222, 0.9892601431980907, 0.9892601431980907, 0.9904534606205251, 0.9904534606205251, 0.9928400954653938, 0.9928400954653938, 0.9940334128878282, 0.9940334128878282, 0.9952267303102625, 0.9952267303102625, 0.9964200477326969, 0.9964200477326969, 0.9976133651551312, 0.9976133651551312, 0.9988066825775657, 0.9988066825775657, 1.0, 1.0]
